/Library/Java/JavaVirtualMachines/jdk-12.0.2.jdk/Contents/Home/bin/java --module-path /Users/lizhenghui/Downloads/JavaFxProject/library/javafx-sdk-13.0.1/lib --add-modules=javafx.controls,javafx.fxml --add-modules javafx.base,javafx.graphics --add-reads javafx.base=ALL-UNNAMED --add-reads javafx.graphics=ALL-UNNAMED -Djava.library.path=/Users/lizhenghui/Downloads/JavaFxProject/library/javafx-sdk-13.0.1/lib:/Users/lizhenghui/Downloads/JavaFxProject/library/libtensorflow_jni-cpu-darwin-x86_64-1.14.0 "-javaagent:/Applications/IntelliJ IDEA.app/Contents/lib/idea_rt.jar=63977:/Applications/IntelliJ IDEA.app/Contents/bin" -Dfile.encoding=UTF-8 -classpath "/Users/lizhenghui/Downloads/JavaFxProject/out/production/JavaFxProject:/Users/lizhenghui/Downloads/JavaFxProject/library/javafx-sdk-13.0.1/lib/src.zip:/Users/lizhenghui/Downloads/JavaFxProject/library/javafx-sdk-13.0.1/lib/javafx-swt.jar:/Users/lizhenghui/Downloads/JavaFxProject/library/javafx-sdk-13.0.1/lib/javafx.web.jar:/Users/lizhenghui/Downloads/JavaFxProject/library/javafx-sdk-13.0.1/lib/javafx.base.jar:/Users/lizhenghui/Downloads/JavaFxProject/library/javafx-sdk-13.0.1/lib/javafx.fxml.jar:/Users/lizhenghui/Downloads/JavaFxProject/library/javafx-sdk-13.0.1/lib/javafx.media.jar:/Users/lizhenghui/Downloads/JavaFxProject/library/javafx-sdk-13.0.1/lib/javafx.swing.jar:/Users/lizhenghui/Downloads/JavaFxProject/library/javafx-sdk-13.0.1/lib/javafx.controls.jar:/Users/lizhenghui/Downloads/JavaFxProject/library/javafx-sdk-13.0.1/lib/javafx.graphics.jar:/Users/lizhenghui/Downloads/JavaFxProject/library/libtensorflow-1.14.0.jar:/Library/Frameworks/SQLite3.framework/Versions/C/Python/2.7:/Library/Frameworks/GEOS.framework/Versions/3/Python/2.7/site-packages:/Library/Frameworks/GDAL.framework/Versions/1.11/Python/2.7/site-packages:/usr/local/Cellar/python/2.7.11/Frameworks/Python.framework/Versions/2.7/lib/python2.7:/usr/local/Cellar/python/2.7.11/Frameworks/Python.framework/Versions/2.7/lib/python2.7/plat-darwin:/usr/local/Cellar/python/2.7.11/Frameworks/Python.framework/Versions/2.7/lib/python2.7/plat-mac:/usr/local/Cellar/python/2.7.11/Frameworks/Python.framework/Versions/2.7/lib/python2.7/plat-mac/lib-scriptpackages:/usr/local/Cellar/python/2.7.11/Frameworks/Python.framework/Versions/2.7/lib/python2.7/lib-tk:/usr/local/Cellar/python/2.7.11/Frameworks/Python.framework/Versions/2.7/lib/python2.7/lib-dynload:/usr/local/lib/python2.7/site-packages:/Library/Python/2.7/site-packages/numpy-override:/Library/Python/2.7/site-packages/matplotlib-override:/Library/Python/2.7/site-packages:/Users/lizhenghui/Library/Caches/IntelliJIdea2019.1/python_stubs/-1199944087:/Users/lizhenghui/Library/Application Support/IntelliJIdea2019.1/python/helpers/python-skeletons:/Users/lizhenghui/Library/Application Support/IntelliJIdea2019.1/python/helpers/typeshed/stdlib/2:/Users/lizhenghui/Library/Application Support/IntelliJIdea2019.1/python/helpers/typeshed/stdlib/2and3:/Users/lizhenghui/Library/Application Support/IntelliJIdea2019.1/python/helpers/typeshed/third_party/2:/Users/lizhenghui/Library/Application Support/IntelliJIdea2019.1/python/helpers/typeshed/third_party/2and3" gui.Main
mouse pressed
mouse release
2019-12-14 00:28:27.461242: I tensorflow/cc/saved_model/reader.cc:31] Reading SavedModel from: ./src/model_100000_batches_with_size_50
2019-12-14 00:28:27.469167: I tensorflow/cc/saved_model/reader.cc:54] Reading meta graph with tags { serve }
2019-12-14 00:28:27.476576: I tensorflow/core/platform/cpu_feature_guard.cc:142] Your CPU supports instructions that this TensorFlow binary was not compiled to use: AVX2 FMA
2019-12-14 00:28:27.509385: I tensorflow/cc/saved_model/loader.cc:202] Restoring SavedModel bundle.
2019-12-14 00:28:27.621867: I tensorflow/cc/saved_model/loader.cc:311] SavedModel load for tags { serve }; Status: success. Took 160632 microseconds.
0.20784314 0.0 0.0 0.0 0.0 0.0 0.0 0.0 0.0 0.0 0.0 0.0 0.0 0.0 0.0 0.0 0.0 0.0 0.0 0.0 0.0 0.0 0.0 0.0 0.0 0.0 0.0 0.0 
0.20784314 0.0 0.0 0.0 0.0 0.0 0.0 0.0 0.0 0.0 0.0 0.0 0.0 0.0 0.0 0.0 0.0 0.0 0.0 0.0 0.0 0.0 0.0 0.0 0.0 0.0 0.0 0.0 
0.20784314 0.0 0.0 0.0 0.0 0.0 0.0 0.0 0.0 0.0 0.0 0.0 0.0 0.0 0.0 0.0 0.0 0.0 0.0 0.0 0.0 0.0 0.0 0.0 0.0 0.0 0.0 0.0 
0.20784314 0.0 0.0 0.0 0.0 0.0 0.0 0.0 0.0 0.0 0.0 0.0 0.0 0.5294118 0.36078432 0.0 0.0 0.0 0.0 0.0 0.0 0.0 0.0 0.0 0.0 0.0 0.0 0.0 
0.20784314 0.0 0.0 0.0 0.0 0.0 0.0 0.0 0.0 0.0 0.0 0.0 0.0 0.7294118 0.49803922 0.0 0.0 0.0 0.0 0.0 0.0 0.0 0.0 0.0 0.0 0.0 0.0 0.0 
0.20784314 0.0 0.0 0.0 0.0 0.0 0.0 0.0 0.0 0.0 0.0 0.0 0.0 0.7294118 0.49803922 0.0 0.0 0.0 0.0 0.0 0.0 0.0 0.0 0.0 0.0 0.0 0.0 0.0 
0.20784314 0.0 0.0 0.0 0.0 0.0 0.0 0.0 0.0 0.0 0.0 0.0 0.0 0.7294118 0.49803922 0.0 0.0 0.0 0.0 0.0 0.0 0.0 0.0 0.0 0.0 0.0 0.0 0.0 
0.20784314 0.0 0.0 0.0 0.0 0.0 0.0 0.0 0.0 0.0 0.0 0.0 0.0 0.7294118 0.49803922 0.0 0.0 0.0 0.0 0.0 0.0 0.0 0.0 0.0 0.0 0.0 0.0 0.0 
0.20784314 0.0 0.0 0.0 0.0 0.0 0.0 0.0 0.0 0.0 0.0 0.0 0.0 0.7294118 0.49803922 0.0 0.0 0.0 0.0 0.0 0.0 0.0 0.0 0.0 0.0 0.0 0.0 0.0 
0.20784314 0.0 0.0 0.0 0.0 0.0 0.0 0.0 0.0 0.0 0.0 0.0 0.0 0.7294118 0.49803922 0.0 0.0 0.0 0.0 0.0 0.0 0.0 0.0 0.0 0.0 0.0 0.0 0.0 
0.20784314 0.0 0.0 0.0 0.0 0.0 0.0 0.0 0.0 0.0 0.0 0.0 0.0 0.7294118 0.49803922 0.0 0.0 0.0 0.0 0.0 0.0 0.0 0.0 0.0 0.0 0.0 0.0 0.0 
0.20784314 0.0 0.0 0.0 0.0 0.0 0.0 0.0 0.0 0.0 0.0 0.0 0.0 0.7294118 0.49803922 0.0 0.0 0.0 0.0 0.0 0.0 0.0 0.0 0.0 0.0 0.0 0.0 0.0 
0.20784314 0.0 0.0 0.0 0.0 0.0 0.0 0.0 0.0 0.0 0.0 0.0 0.0 0.7294118 0.49803922 0.0 0.0 0.0 0.0 0.0 0.0 0.0 0.0 0.0 0.0 0.0 0.0 0.0 
0.20784314 0.0 0.0 0.0 0.0 0.0 0.0 0.0 0.0 0.0 0.0 0.0 0.0 0.7294118 0.49803922 0.0 0.0 0.0 0.0 0.0 0.0 0.0 0.0 0.0 0.0 0.0 0.0 0.0 
0.20784314 0.0 0.0 0.0 0.0 0.0 0.0 0.0 0.0 0.0 0.0 0.0 0.0 0.7294118 0.49803922 0.0 0.0 0.0 0.0 0.0 0.0 0.0 0.0 0.0 0.0 0.0 0.0 0.0 
0.20784314 0.0 0.0 0.0 0.0 0.0 0.0 0.0 0.0 0.0 0.0 0.0 0.0 0.7294118 0.49803922 0.0 0.0 0.0 0.0 0.0 0.0 0.0 0.0 0.0 0.0 0.0 0.0 0.0 
0.20784314 0.0 0.0 0.0 0.0 0.0 0.0 0.0 0.0 0.0 0.0 0.0 0.0 0.7294118 0.49803922 0.0 0.0 0.0 0.0 0.0 0.0 0.0 0.0 0.0 0.0 0.0 0.0 0.0 
0.20784314 0.0 0.0 0.0 0.0 0.0 0.0 0.0 0.0 0.0 0.0 0.0 0.0 0.7294118 0.49803922 0.0 0.0 0.0 0.0 0.0 0.0 0.0 0.0 0.0 0.0 0.0 0.0 0.0 
0.20784314 0.0 0.0 0.0 0.0 0.0 0.0 0.0 0.0 0.0 0.0 0.0 0.0 0.7294118 0.49803922 0.0 0.0 0.0 0.0 0.0 0.0 0.0 0.0 0.0 0.0 0.0 0.0 0.0 
0.20784314 0.0 0.0 0.0 0.0 0.0 0.0 0.0 0.0 0.0 0.0 0.0 0.0 0.7294118 0.49803922 0.0 0.0 0.0 0.0 0.0 0.0 0.0 0.0 0.0 0.0 0.0 0.0 0.0 
0.20784314 0.0 0.0 0.0 0.0 0.0 0.0 0.0 0.0 0.0 0.0 0.0 0.0 0.7294118 0.49803922 0.0 0.0 0.0 0.0 0.0 0.0 0.0 0.0 0.0 0.0 0.0 0.0 0.0 
0.20784314 0.0 0.0 0.0 0.0 0.0 0.0 0.0 0.0 0.0 0.0 0.0 0.0 0.7294118 0.49803922 0.0 0.0 0.0 0.0 0.0 0.0 0.0 0.0 0.0 0.0 0.0 0.0 0.0 
0.20784314 0.0 0.0 0.0 0.0 0.0 0.0 0.0 0.0 0.0 0.0 0.0 0.0 0.73333335 0.49803922 0.0 0.0 0.0 0.0 0.0 0.0 0.0 0.0 0.0 0.0 0.0 0.0 0.0 
0.20784314 0.0 0.0 0.0 0.0 0.0 0.0 0.0 0.0 0.0 0.0 0.0 0.0 0.7058824 0.42352942 0.0 0.0 0.0 0.0 0.0 0.0 0.0 0.0 0.0 0.0 0.0 0.0 0.0 
0.20784314 0.0 0.0 0.0 0.0 0.0 0.0 0.0 0.0 0.0 0.0 0.0 0.0 0.0 0.0 0.0 0.0 0.0 0.0 0.0 0.0 0.0 0.0 0.0 0.0 0.0 0.0 0.0 
0.20784314 0.0 0.0 0.0 0.0 0.0 0.0 0.0 0.0 0.0 0.0 0.0 0.0 0.0 0.0 0.0 0.0 0.0 0.0 0.0 0.0 0.0 0.0 0.0 0.0 0.0 0.0 0.0 
0.20784314 0.0 0.0 0.0 0.0 0.0 0.0 0.0 0.0 0.0 0.0 0.0 0.0 0.0 0.0 0.0 0.0 0.0 0.0 0.0 0.0 0.0 0.0 0.0 0.0 0.0 0.0 0.0 
0.20784314 0.0 0.0 0.0 0.0 0.0 0.0 0.0 0.0 0.0 0.0 0.0 0.0 0.0 0.0 0.0 0.0 0.0 0.0 0.0 0.0 0.0 0.0 0.0 0.0 0.0 0.0 0.0 
-19.622335
7.989761
-8.898273
-12.134906
-5.270793
-10.632527
-14.281991
-7.0890265
-4.612573
-7.1007543
prediction done
1
mouse pressed
mouse release
2019-12-14 00:28:32.515951: I tensorflow/cc/saved_model/reader.cc:31] Reading SavedModel from: ./src/model_100000_batches_with_size_50
2019-12-14 00:28:32.519699: I tensorflow/cc/saved_model/reader.cc:54] Reading meta graph with tags { serve }
2019-12-14 00:28:32.540783: I tensorflow/cc/saved_model/loader.cc:202] Restoring SavedModel bundle.
2019-12-14 00:28:32.590835: I tensorflow/cc/saved_model/loader.cc:311] SavedModel load for tags { serve }; Status: success. Took 74883 microseconds.
0.20784314 0.0 0.0 0.0 0.0 0.0 0.0 0.0 0.0 0.0 0.0 0.0 0.0 0.0 0.0 0.0 0.0 0.0 0.0 0.0 0.0 0.0 0.0 0.0 0.0 0.0 0.0 0.0 
0.20784314 0.0 0.0 0.0 0.0 0.0 0.0 0.0 0.0 0.0 0.0 0.0 0.0 0.0 0.0 0.0 0.0 0.0 0.0 0.0 0.0 0.0 0.0 0.0 0.0 0.0 0.0 0.0 
0.20784314 0.0 0.0 0.0 0.0 0.0 0.0 0.0 0.0 0.0 0.0 0.0 0.0 0.0 0.0 0.0 0.0 0.0 0.0 0.0 0.0 0.0 0.0 0.0 0.0 0.0 0.0 0.0 
0.20784314 0.0 0.0 0.0 0.0 0.0 0.0 0.0 0.0 0.0 0.0 0.0 0.0 0.0 0.0 0.0 0.0 0.0 0.0 0.0 0.0 0.0 0.0 0.0 0.0 0.0 0.0 0.0 
0.20784314 0.0 0.0 0.0 0.0 0.0 0.0 0.0 0.0 0.050980393 0.6117647 0.7921569 0.8392157 0.83137256 0.8039216 0.5882353 0.050980393 0.0 0.0 0.0 0.0 0.0 0.0 0.0 0.0 0.0 0.0 0.0 
0.20784314 0.0 0.0 0.0 0.0 0.0 0.0 0.0 0.10980392 0.8235294 0.7647059 0.46666667 0.23921569 0.21960784 0.42745098 0.76862746 0.87058824 0.28627452 0.0 0.0 0.0 0.0 0.0 0.0 0.0 0.0 0.0 0.0 
0.20784314 0.0 0.0 0.0 0.0 0.0 0.0 0.0 0.6784314 0.70980394 0.0 0.0 0.0 0.0 0.0 0.0 0.5764706 0.80784315 0.0 0.0 0.0 0.0 0.0 0.0 0.0 0.0 0.0 0.0 
0.20784314 0.0 0.0 0.0 0.0 0.0 0.0 0.0 0.5803922 0.4 0.0 0.0 0.0 0.0 0.0 0.0 0.0 0.8901961 0.050980393 0.0 0.0 0.0 0.0 0.0 0.0 0.0 0.0 0.0 
0.20784314 0.0 0.0 0.0 0.0 0.0 0.0 0.0 0.0 0.0 0.0 0.0 0.0 0.0 0.0 0.0 0.0 0.85490197 0.050980393 0.0 0.0 0.0 0.0 0.0 0.0 0.0 0.0 0.0 
0.20784314 0.0 0.0 0.0 0.0 0.0 0.0 0.0 0.0 0.0 0.0 0.0 0.0 0.0 0.0 0.0 0.0 0.88235295 0.0 0.0 0.0 0.0 0.0 0.0 0.0 0.0 0.0 0.0 
0.20784314 0.0 0.0 0.0 0.0 0.0 0.0 0.0 0.0 0.0 0.0 0.0 0.0 0.0 0.0 0.0 0.5372549 0.8 0.0 0.0 0.0 0.0 0.0 0.0 0.0 0.0 0.0 0.0 
0.20784314 0.0 0.0 0.0 0.0 0.0 0.0 0.0 0.0 0.0 0.0 0.0 0.0 0.0 0.0 0.14901961 0.8901961 0.3372549 0.0 0.0 0.0 0.0 0.0 0.0 0.0 0.0 0.0 0.0 
0.20784314 0.0 0.0 0.0 0.0 0.0 0.0 0.0 0.0 0.0 0.0 0.0 0.0 0.0 0.0 0.74509805 0.6666667 0.0 0.0 0.0 0.0 0.0 0.0 0.0 0.0 0.0 0.0 0.0 
0.20784314 0.0 0.0 0.0 0.0 0.0 0.0 0.0 0.0 0.0 0.0 0.0 0.0 0.0 0.57254905 0.827451 0.0 0.0 0.0 0.0 0.0 0.0 0.0 0.0 0.0 0.0 0.0 0.0 
0.20784314 0.0 0.0 0.0 0.0 0.0 0.0 0.0 0.0 0.0 0.0 0.0 0.0 0.5176471 0.8784314 0.23921569 0.0 0.0 0.0 0.0 0.0 0.0 0.0 0.0 0.0 0.0 0.0 0.0 
0.20784314 0.0 0.0 0.0 0.0 0.0 0.0 0.0 0.0 0.0 0.0 0.0 0.6117647 0.8745098 0.28627452 0.0 0.0 0.0 0.0 0.0 0.0 0.0 0.0 0.0 0.0 0.0 0.0 0.0 
0.20784314 0.0 0.0 0.0 0.0 0.0 0.0 0.0 0.0 0.0 0.18039216 0.78431374 0.79607844 0.23137255 0.0 0.0 0.0 0.0 0.0 0.0 0.0 0.0 0.0 0.0 0.0 0.0 0.0 0.0 
0.20784314 0.0 0.0 0.0 0.0 0.0 0.0 0.0 0.0 0.3372549 0.8627451 0.6392157 0.0 0.0 0.0 0.0 0.0 0.050980393 0.13333334 0.23921569 0.3254902 0.30980393 0.30980393 0.13333334 0.0 0.0 0.0 0.0 
0.20784314 0.0 0.0 0.0 0.0 0.0 0.0 0.0 0.6392157 0.8980392 0.53333336 0.45882353 0.6 0.7254902 0.79607844 0.85882354 0.8745098 0.87058824 0.84705883 0.84313726 0.80784315 0.80784315 0.83137256 0.44313726 0.0 0.0 0.0 0.0 
0.20784314 0.0 0.0 0.0 0.0 0.0 0.25882354 0.83137256 1.0 0.9019608 0.8627451 0.7764706 0.68235296 0.54509807 0.4 0.19607843 0.0 0.0 0.0 0.0 0.0 0.0 0.0 0.0 0.0 0.0 0.0 0.0 
0.20784314 0.0 0.0 0.0 0.0 0.0 0.36078432 0.70980394 0.43137255 0.050980393 0.0 0.0 0.0 0.0 0.0 0.0 0.0 0.0 0.0 0.0 0.0 0.0 0.0 0.0 0.0 0.0 0.0 0.0 
0.20784314 0.0 0.0 0.0 0.0 0.0 0.0 0.0 0.0 0.0 0.0 0.0 0.0 0.0 0.0 0.0 0.0 0.0 0.0 0.0 0.0 0.0 0.0 0.0 0.0 0.0 0.0 0.0 
0.20784314 0.0 0.0 0.0 0.0 0.0 0.0 0.0 0.0 0.0 0.0 0.0 0.0 0.0 0.0 0.0 0.0 0.0 0.0 0.0 0.0 0.0 0.0 0.0 0.0 0.0 0.0 0.0 
0.20784314 0.0 0.0 0.0 0.0 0.0 0.0 0.0 0.0 0.0 0.0 0.0 0.0 0.0 0.0 0.0 0.0 0.0 0.0 0.0 0.0 0.0 0.0 0.0 0.0 0.0 0.0 0.0 
0.20784314 0.0 0.0 0.0 0.0 0.0 0.0 0.0 0.0 0.0 0.0 0.0 0.0 0.0 0.0 0.0 0.0 0.0 0.0 0.0 0.0 0.0 0.0 0.0 0.0 0.0 0.0 0.0 
0.20784314 0.0 0.0 0.0 0.0 0.0 0.0 0.0 0.0 0.0 0.0 0.0 0.0 0.0 0.0 0.0 0.0 0.0 0.0 0.0 0.0 0.0 0.0 0.0 0.0 0.0 0.0 0.0 
0.20784314 0.0 0.0 0.0 0.0 0.0 0.0 0.0 0.0 0.0 0.0 0.0 0.0 0.0 0.0 0.0 0.0 0.0 0.0 0.0 0.0 0.0 0.0 0.0 0.0 0.0 0.0 0.0 
0.20784314 0.0 0.0 0.0 0.0 0.0 0.0 0.0 0.0 0.0 0.0 0.0 0.0 0.0 0.0 0.0 0.0 0.0 0.0 0.0 0.0 0.0 0.0 0.0 0.0 0.0 0.0 0.0 
-19.97976
-12.816831
14.5032015
-10.360681
-13.257764
-28.197283
-42.043728
-11.333268
-11.11388
-14.695697
prediction done
2
mouse pressed
mouse release
2019-12-14 00:28:37.127968: I tensorflow/cc/saved_model/reader.cc:31] Reading SavedModel from: ./src/model_100000_batches_with_size_50
2019-12-14 00:28:37.131476: I tensorflow/cc/saved_model/reader.cc:54] Reading meta graph with tags { serve }
2019-12-14 00:28:37.151011: I tensorflow/cc/saved_model/loader.cc:202] Restoring SavedModel bundle.
2019-12-14 00:28:37.201288: I tensorflow/cc/saved_model/loader.cc:311] SavedModel load for tags { serve }; Status: success. Took 73318 microseconds.
0.20784314 0.0 0.0 0.0 0.0 0.0 0.0 0.0 0.0 0.0 0.0 0.0 0.0 0.0 0.0 0.0 0.0 0.0 0.0 0.0 0.0 0.0 0.0 0.0 0.0 0.0 0.0 0.0 
0.20784314 0.0 0.0 0.0 0.0 0.0 0.0 0.0 0.0 0.0 0.0 0.0 0.0 0.0 0.0 0.0 0.0 0.0 0.0 0.0 0.0 0.0 0.0 0.0 0.0 0.0 0.0 0.0 
0.20784314 0.0 0.0 0.0 0.0 0.0 0.0 0.0 0.0 0.0 0.0 0.0 0.0 0.0 0.0 0.0 0.0 0.0 0.0 0.0 0.0 0.0 0.0 0.0 0.0 0.0 0.0 0.0 
0.20784314 0.0 0.0 0.0 0.0 0.0 0.0 0.0 0.0 0.0 0.0 0.0 0.0 0.0 0.0 0.0 0.0 0.0 0.0 0.0 0.0 0.0 0.0 0.0 0.0 0.0 0.0 0.0 
0.20784314 0.0 0.0 0.0 0.0 0.0 0.0 0.0 0.2784314 0.6666667 0.79607844 0.7921569 0.7921569 0.7921569 0.60784316 0.050980393 0.0 0.0 0.0 0.0 0.0 0.0 0.0 0.0 0.0 0.0 0.0 0.0 
0.20784314 0.0 0.0 0.0 0.0 0.0 0.0 0.0 0.8666667 0.68235296 0.43137255 0.3647059 0.3647059 0.43137255 0.76862746 0.81960785 0.050980393 0.0 0.0 0.0 0.0 0.0 0.0 0.0 0.0 0.0 0.0 0.0 
0.20784314 0.0 0.0 0.0 0.0 0.0 0.0 0.0 0.13333334 0.0 0.0 0.0 0.0 0.0 0.0 0.78039217 0.5764706 0.0 0.0 0.0 0.0 0.0 0.0 0.0 0.0 0.0 0.0 0.0 
0.20784314 0.0 0.0 0.0 0.0 0.0 0.0 0.0 0.0 0.0 0.0 0.0 0.0 0.0 0.0 0.5254902 0.7529412 0.0 0.0 0.0 0.0 0.0 0.0 0.0 0.0 0.0 0.0 0.0 
0.20784314 0.0 0.0 0.0 0.0 0.0 0.0 0.0 0.0 0.0 0.0 0.0 0.0 0.0 0.0 0.4627451 0.7490196 0.0 0.0 0.0 0.0 0.0 0.0 0.0 0.0 0.0 0.0 0.0 
0.20784314 0.0 0.0 0.0 0.0 0.0 0.0 0.0 0.0 0.0 0.0 0.0 0.0 0.0 0.0 0.6784314 0.6901961 0.0 0.0 0.0 0.0 0.0 0.0 0.0 0.0 0.0 0.0 0.0 
0.20784314 0.0 0.0 0.0 0.0 0.0 0.0 0.0 0.0 0.0 0.0 0.0 0.0 0.0 0.5254902 0.8862745 0.18039216 0.0 0.0 0.0 0.0 0.0 0.0 0.0 0.0 0.0 0.0 0.0 
0.20784314 0.0 0.0 0.0 0.0 0.0 0.0 0.0 0.0 0.0 0.0 0.0 0.25882354 0.7529412 0.8627451 0.28627452 0.0 0.0 0.0 0.0 0.0 0.0 0.0 0.0 0.0 0.0 0.0 0.0 
0.20784314 0.0 0.0 0.0 0.0 0.0 0.0 0.0 0.050980393 0.3647059 0.6 0.79607844 0.9490196 0.7411765 0.44705883 0.14901961 0.0 0.0 0.0 0.0 0.0 0.0 0.0 0.0 0.0 0.0 0.0 0.0 
0.20784314 0.0 0.0 0.0 0.0 0.0 0.0 0.0 0.64705884 0.85882354 0.77254903 0.7411765 0.7411765 0.7411765 0.78039217 0.8862745 0.77254903 0.2784314 0.0 0.0 0.0 0.0 0.0 0.0 0.0 0.0 0.0 0.0 
0.20784314 0.0 0.0 0.0 0.0 0.0 0.0 0.0 0.0 0.0 0.0 0.0 0.0 0.0 0.0 0.0 0.5803922 0.89411765 0.4627451 0.0 0.0 0.0 0.0 0.0 0.0 0.0 0.0 0.0 
0.20784314 0.0 0.0 0.0 0.0 0.0 0.0 0.0 0.0 0.0 0.0 0.0 0.0 0.0 0.0 0.0 0.0 0.3529412 0.89411765 0.28627452 0.0 0.0 0.0 0.0 0.0 0.0 0.0 0.0 
0.20784314 0.0 0.0 0.0 0.0 0.0 0.0 0.0 0.0 0.0 0.0 0.0 0.0 0.0 0.0 0.0 0.0 0.0 0.6313726 0.6901961 0.0 0.0 0.0 0.0 0.0 0.0 0.0 0.0 
0.20784314 0.0 0.0 0.0 0.0 0.0 0.0 0.0 0.0 0.0 0.0 0.0 0.0 0.0 0.0 0.0 0.0 0.0 0.44705883 0.7607843 0.0 0.0 0.0 0.0 0.0 0.0 0.0 0.0 
0.20784314 0.0 0.0 0.0 0.0 0.0 0.0 0.0 0.0 0.0 0.0 0.0 0.0 0.0 0.0 0.0 0.0 0.0 0.6 0.70980394 0.0 0.0 0.0 0.0 0.0 0.0 0.0 0.0 
0.20784314 0.0 0.0 0.0 0.0 0.54901963 0.5019608 0.0 0.0 0.0 0.0 0.0 0.0 0.0 0.0 0.0 0.0 0.23137255 0.8862745 0.3372549 0.0 0.0 0.0 0.0 0.0 0.0 0.0 0.0 
0.20784314 0.0 0.0 0.0 0.0 0.4392157 0.8862745 0.44705883 0.0 0.0 0.0 0.0 0.0 0.0 0.0 0.0 0.36078432 0.87058824 0.5803922 0.0 0.0 0.0 0.0 0.0 0.0 0.0 0.0 0.0 
0.20784314 0.0 0.0 0.0 0.0 0.0 0.46666667 0.8392157 0.8627451 0.7254902 0.62352943 0.58431375 0.5921569 0.654902 0.7137255 0.8392157 0.87058824 0.46666667 0.0 0.0 0.0 0.0 0.0 0.0 0.0 0.0 0.0 0.0 
0.20784314 0.0 0.0 0.0 0.0 0.0 0.0 0.0 0.23921569 0.54901963 0.6509804 0.6666667 0.6666667 0.62352943 0.5647059 0.3254902 0.0 0.0 0.0 0.0 0.0 0.0 0.0 0.0 0.0 0.0 0.0 0.0 
0.20784314 0.0 0.0 0.0 0.0 0.0 0.0 0.0 0.0 0.0 0.0 0.0 0.0 0.0 0.0 0.0 0.0 0.0 0.0 0.0 0.0 0.0 0.0 0.0 0.0 0.0 0.0 0.0 
0.20784314 0.0 0.0 0.0 0.0 0.0 0.0 0.0 0.0 0.0 0.0 0.0 0.0 0.0 0.0 0.0 0.0 0.0 0.0 0.0 0.0 0.0 0.0 0.0 0.0 0.0 0.0 0.0 
0.20784314 0.0 0.0 0.0 0.0 0.0 0.0 0.0 0.0 0.0 0.0 0.0 0.0 0.0 0.0 0.0 0.0 0.0 0.0 0.0 0.0 0.0 0.0 0.0 0.0 0.0 0.0 0.0 
0.20784314 0.0 0.0 0.0 0.0 0.0 0.0 0.0 0.0 0.0 0.0 0.0 0.0 0.0 0.0 0.0 0.0 0.0 0.0 0.0 0.0 0.0 0.0 0.0 0.0 0.0 0.0 0.0 
0.20784314 0.0 0.0 0.0 0.0 0.0 0.0 0.0 0.0 0.0 0.0 0.0 0.0 0.0 0.0 0.0 0.0 0.0 0.0 0.0 0.0 0.0 0.0 0.0 0.0 0.0 0.0 0.0 
-41.43643
-14.020117
-2.9633372
12.667247
-23.565012
-0.67046356
-43.00369
-15.218529
-7.694842
-0.97490793
prediction done
3
mouse pressed
mouse release
mouse pressed
mouse release
2019-12-14 00:28:41.614997: I tensorflow/cc/saved_model/reader.cc:31] Reading SavedModel from: ./src/model_100000_batches_with_size_50
2019-12-14 00:28:41.618332: I tensorflow/cc/saved_model/reader.cc:54] Reading meta graph with tags { serve }
2019-12-14 00:28:41.638833: I tensorflow/cc/saved_model/loader.cc:202] Restoring SavedModel bundle.
2019-12-14 00:28:41.687413: I tensorflow/cc/saved_model/loader.cc:311] SavedModel load for tags { serve }; Status: success. Took 72417 microseconds.
0.20784314 0.0 0.0 0.0 0.0 0.0 0.0 0.0 0.0 0.0 0.0 0.0 0.0 0.0 0.0 0.0 0.0 0.0 0.0 0.0 0.0 0.0 0.0 0.0 0.0 0.0 0.0 0.0 
0.20784314 0.0 0.0 0.0 0.0 0.0 0.0 0.0 0.0 0.0 0.0 0.0 0.0 0.0 0.0 0.0 0.0 0.0 0.0 0.0 0.0 0.0 0.0 0.0 0.0 0.0 0.0 0.0 
0.20784314 0.0 0.0 0.0 0.0 0.0 0.0 0.0 0.0 0.0 0.0 0.0 0.0 0.0 0.0 0.0 0.0 0.0 0.0 0.0 0.0 0.0 0.0 0.0 0.0 0.0 0.0 0.0 
0.20784314 0.0 0.0 0.0 0.0 0.0 0.0 0.08627451 0.5294118 0.0 0.0 0.0 0.0 0.0 0.0 0.57254905 0.10980392 0.0 0.0 0.0 0.0 0.0 0.0 0.0 0.0 0.0 0.0 0.0 
0.20784314 0.0 0.0 0.0 0.0 0.0 0.0 0.14901961 0.84313726 0.0 0.0 0.0 0.0 0.0 0.0 0.8392157 0.19607843 0.0 0.0 0.0 0.0 0.0 0.0 0.0 0.0 0.0 0.0 0.0 
0.20784314 0.0 0.0 0.0 0.0 0.0 0.0 0.14901961 0.84313726 0.0 0.0 0.0 0.0 0.0 0.0 0.8392157 0.19607843 0.0 0.0 0.0 0.0 0.0 0.0 0.0 0.0 0.0 0.0 0.0 
0.20784314 0.0 0.0 0.0 0.0 0.0 0.0 0.14901961 0.84313726 0.0 0.0 0.0 0.0 0.0 0.0 0.8392157 0.19607843 0.0 0.0 0.0 0.0 0.0 0.0 0.0 0.0 0.0 0.0 0.0 
0.20784314 0.0 0.0 0.0 0.0 0.0 0.0 0.14901961 0.84313726 0.0 0.0 0.0 0.0 0.0 0.0 0.8392157 0.19607843 0.0 0.0 0.0 0.0 0.0 0.0 0.0 0.0 0.0 0.0 0.0 
0.20784314 0.0 0.0 0.0 0.0 0.0 0.0 0.18039216 0.84313726 0.0 0.0 0.0 0.0 0.0 0.0 0.8392157 0.19607843 0.0 0.0 0.0 0.0 0.0 0.0 0.0 0.0 0.0 0.0 0.0 
0.20784314 0.0 0.0 0.0 0.0 0.0 0.0 0.33333334 0.8235294 0.0 0.0 0.0 0.0 0.0 0.0 0.8392157 0.19607843 0.0 0.0 0.0 0.0 0.0 0.0 0.0 0.0 0.0 0.0 0.0 
0.20784314 0.0 0.0 0.0 0.0 0.0 0.0 0.4392157 0.78431374 0.0 0.0 0.0 0.0 0.0 0.0 0.8392157 0.19607843 0.0 0.0 0.0 0.0 0.0 0.0 0.0 0.0 0.0 0.0 0.0 
0.20784314 0.0 0.0 0.0 0.0 0.0 0.0 0.53333336 0.73333335 0.0 0.0 0.0 0.0 0.0 0.0 0.8392157 0.19607843 0.0 0.0 0.13333334 0.34509805 0.54509807 0.6862745 0.77254903 0.84313726 0.8901961 0.58431375 0.0 
0.20784314 0.0 0.0 0.0 0.0 0.0 0.0 0.654902 0.6313726 0.0 0.0 0.0 0.0 0.0 0.36078432 0.8784314 0.74509805 0.8392157 0.8745098 0.8666667 0.81960785 0.7254902 0.5921569 0.4509804 0.2784314 0.0 0.0 0.0 
0.20784314 0.0 0.0 0.0 0.0 0.0 0.0 0.7294118 0.6 0.3529412 0.5764706 0.73333335 0.85882354 0.8745098 0.81960785 0.9254902 0.5529412 0.28627452 0.0 0.0 0.0 0.0 0.0 0.0 0.0 0.0 0.0 0.0 
0.20784314 0.0 0.0 0.0 0.0 0.0 0.0 0.60784316 0.8156863 0.8156863 0.7058824 0.5411765 0.23921569 0.0 0.0 0.8392157 0.19607843 0.0 0.0 0.0 0.0 0.0 0.0 0.0 0.0 0.0 0.0 0.0 
0.20784314 0.0 0.0 0.0 0.0 0.0 0.0 0.0 0.0 0.0 0.0 0.0 0.0 0.0 0.0 0.8392157 0.19607843 0.0 0.0 0.0 0.0 0.0 0.0 0.0 0.0 0.0 0.0 0.0 
0.20784314 0.0 0.0 0.0 0.0 0.0 0.0 0.0 0.0 0.0 0.0 0.0 0.0 0.0 0.0 0.8392157 0.19607843 0.0 0.0 0.0 0.0 0.0 0.0 0.0 0.0 0.0 0.0 0.0 
0.20784314 0.0 0.0 0.0 0.0 0.0 0.0 0.0 0.0 0.0 0.0 0.0 0.0 0.0 0.0 0.8392157 0.19607843 0.0 0.0 0.0 0.0 0.0 0.0 0.0 0.0 0.0 0.0 0.0 
0.20784314 0.0 0.0 0.0 0.0 0.0 0.0 0.0 0.0 0.0 0.0 0.0 0.0 0.0 0.0 0.8392157 0.19607843 0.0 0.0 0.0 0.0 0.0 0.0 0.0 0.0 0.0 0.0 0.0 
0.20784314 0.0 0.0 0.0 0.0 0.0 0.0 0.0 0.0 0.0 0.0 0.0 0.0 0.0 0.0 0.8392157 0.19607843 0.0 0.0 0.0 0.0 0.0 0.0 0.0 0.0 0.0 0.0 0.0 
0.20784314 0.0 0.0 0.0 0.0 0.0 0.0 0.0 0.0 0.0 0.0 0.0 0.0 0.0 0.0 0.8392157 0.19607843 0.0 0.0 0.0 0.0 0.0 0.0 0.0 0.0 0.0 0.0 0.0 
0.20784314 0.0 0.0 0.0 0.0 0.0 0.0 0.0 0.0 0.0 0.0 0.0 0.0 0.0 0.0 0.8392157 0.19607843 0.0 0.0 0.0 0.0 0.0 0.0 0.0 0.0 0.0 0.0 0.0 
0.20784314 0.0 0.0 0.0 0.0 0.0 0.0 0.0 0.0 0.0 0.0 0.0 0.0 0.0 0.0 0.8235294 0.18039216 0.0 0.0 0.0 0.0 0.0 0.0 0.0 0.0 0.0 0.0 0.0 
0.20784314 0.0 0.0 0.0 0.0 0.0 0.0 0.0 0.0 0.0 0.0 0.0 0.0 0.0 0.0 0.0 0.0 0.0 0.0 0.0 0.0 0.0 0.0 0.0 0.0 0.0 0.0 0.0 
0.20784314 0.0 0.0 0.0 0.0 0.0 0.0 0.0 0.0 0.0 0.0 0.0 0.0 0.0 0.0 0.0 0.0 0.0 0.0 0.0 0.0 0.0 0.0 0.0 0.0 0.0 0.0 0.0 
0.20784314 0.0 0.0 0.0 0.0 0.0 0.0 0.0 0.0 0.0 0.0 0.0 0.0 0.0 0.0 0.0 0.0 0.0 0.0 0.0 0.0 0.0 0.0 0.0 0.0 0.0 0.0 0.0 
0.20784314 0.0 0.0 0.0 0.0 0.0 0.0 0.0 0.0 0.0 0.0 0.0 0.0 0.0 0.0 0.0 0.0 0.0 0.0 0.0 0.0 0.0 0.0 0.0 0.0 0.0 0.0 0.0 
0.20784314 0.0 0.0 0.0 0.0 0.0 0.0 0.0 0.0 0.0 0.0 0.0 0.0 0.0 0.0 0.0 0.0 0.0 0.0 0.0 0.0 0.0 0.0 0.0 0.0 0.0 0.0 0.0 
-26.703775
-0.4898708
-15.188141
-24.191174
11.414806
-11.198768
-13.356311
-9.929133
-5.859048
-5.2783012
prediction done
4
mouse pressed
mouse release
mouse pressed
mouse release
2019-12-14 00:28:46.912694: I tensorflow/cc/saved_model/reader.cc:31] Reading SavedModel from: ./src/model_100000_batches_with_size_50
2019-12-14 00:28:46.916101: I tensorflow/cc/saved_model/reader.cc:54] Reading meta graph with tags { serve }
2019-12-14 00:28:46.935213: I tensorflow/cc/saved_model/loader.cc:202] Restoring SavedModel bundle.
2019-12-14 00:28:46.985276: I tensorflow/cc/saved_model/loader.cc:311] SavedModel load for tags { serve }; Status: success. Took 72581 microseconds.
0.20784314 0.0 0.0 0.0 0.0 0.0 0.0 0.0 0.0 0.0 0.0 0.0 0.0 0.0 0.0 0.0 0.0 0.0 0.0 0.0 0.0 0.0 0.0 0.0 0.0 0.0 0.0 0.0 
0.20784314 0.0 0.0 0.0 0.0 0.0 0.0 0.0 0.0 0.0 0.0 0.0 0.0 0.0 0.0 0.0 0.0 0.0 0.0 0.0 0.0 0.0 0.0 0.0 0.0 0.0 0.0 0.0 
0.20784314 0.0 0.0 0.0 0.0 0.0 0.0 0.0 0.0 0.47058824 0.0 0.0 0.0 0.0 0.0 0.0 0.0 0.0 0.0 0.0 0.0 0.0 0.0 0.0 0.0 0.0 0.0 0.0 
0.20784314 0.0 0.0 0.0 0.0 0.0 0.0 0.0 0.0 0.8784314 0.5058824 0.5058824 0.5058824 0.5058824 0.5058824 0.5058824 0.28627452 0.0 0.0 0.0 0.0 0.0 0.0 0.0 0.0 0.0 0.0 0.0 
0.20784314 0.0 0.0 0.0 0.0 0.0 0.0 0.0 0.0 0.90588236 0.72156864 0.72156864 0.72156864 0.72156864 0.72156864 0.72156864 0.42352942 0.0 0.0 0.0 0.0 0.0 0.0 0.0 0.0 0.0 0.0 0.0 
0.20784314 0.0 0.0 0.0 0.0 0.0 0.0 0.0 0.0 0.85490197 0.0 0.0 0.0 0.0 0.0 0.0 0.0 0.0 0.0 0.0 0.0 0.0 0.0 0.0 0.0 0.0 0.0 0.0 
0.20784314 0.0 0.0 0.0 0.0 0.0 0.0 0.0 0.0 0.85490197 0.0 0.0 0.0 0.0 0.0 0.0 0.0 0.0 0.0 0.0 0.0 0.0 0.0 0.0 0.0 0.0 0.0 0.0 
0.20784314 0.0 0.0 0.0 0.0 0.0 0.0 0.0 0.0 0.85490197 0.0 0.0 0.0 0.0 0.0 0.0 0.0 0.0 0.0 0.0 0.0 0.0 0.0 0.0 0.0 0.0 0.0 0.0 
0.20784314 0.0 0.0 0.0 0.0 0.0 0.0 0.0 0.0 0.85490197 0.0 0.0 0.0 0.0 0.0 0.0 0.0 0.0 0.0 0.0 0.0 0.0 0.0 0.0 0.0 0.0 0.0 0.0 
0.20784314 0.0 0.0 0.0 0.0 0.0 0.0 0.0 0.0 0.85490197 0.050980393 0.54509807 0.78431374 0.8156863 0.80784315 0.79607844 0.57254905 0.050980393 0.0 0.0 0.0 0.0 0.0 0.0 0.0 0.0 0.0 0.0 
0.20784314 0.0 0.0 0.0 0.0 0.0 0.0 0.0 0.0 0.9098039 0.8745098 0.77254903 0.47058824 0.30980393 0.30980393 0.43137255 0.7607843 0.87058824 0.3529412 0.0 0.0 0.0 0.0 0.0 0.0 0.0 0.0 0.0 
0.20784314 0.0 0.0 0.0 0.0 0.0 0.0 0.0 0.5176471 0.9254902 0.39607844 0.0 0.0 0.0 0.0 0.0 0.0 0.4745098 0.8666667 0.050980393 0.0 0.0 0.0 0.0 0.0 0.0 0.0 0.0 
0.20784314 0.0 0.0 0.0 0.0 0.0 0.0 0.0 0.0 0.13333334 0.0 0.0 0.0 0.0 0.0 0.0 0.0 0.0 0.74509805 0.6039216 0.0 0.0 0.0 0.0 0.0 0.0 0.0 0.0 
0.20784314 0.0 0.0 0.0 0.0 0.0 0.0 0.0 0.0 0.0 0.0 0.0 0.0 0.0 0.0 0.0 0.0 0.0 0.34509805 0.8392157 0.0 0.0 0.0 0.0 0.0 0.0 0.0 0.0 
0.20784314 0.0 0.0 0.0 0.0 0.0 0.0 0.0 0.0 0.0 0.0 0.0 0.0 0.0 0.0 0.0 0.0 0.0 0.0 0.88235295 0.08627451 0.0 0.0 0.0 0.0 0.0 0.0 0.0 
0.20784314 0.0 0.0 0.0 0.0 0.0 0.0 0.0 0.0 0.0 0.0 0.0 0.0 0.0 0.0 0.0 0.0 0.0 0.0 0.83137256 0.3254902 0.0 0.0 0.0 0.0 0.0 0.0 0.0 
0.20784314 0.0 0.0 0.0 0.0 0.0 0.0 0.0 0.0 0.0 0.0 0.0 0.0 0.0 0.0 0.0 0.0 0.0 0.0 0.7529412 0.49803922 0.0 0.0 0.0 0.0 0.0 0.0 0.0 
0.20784314 0.0 0.0 0.0 0.0 0.0 0.0 0.0 0.0 0.0 0.0 0.0 0.0 0.0 0.0 0.0 0.0 0.0 0.0 0.7137255 0.5176471 0.0 0.0 0.0 0.0 0.0 0.0 0.0 
0.20784314 0.0 0.0 0.0 0.0 0.0 0.0 0.0 0.0 0.0 0.0 0.0 0.0 0.0 0.0 0.0 0.0 0.0 0.0 0.7529412 0.49803922 0.0 0.0 0.0 0.0 0.0 0.0 0.0 
0.20784314 0.0 0.0 0.0 0.10980392 0.5529412 0.0 0.0 0.0 0.0 0.0 0.0 0.0 0.0 0.0 0.0 0.0 0.0 0.25882354 0.89411765 0.19607843 0.0 0.0 0.0 0.0 0.0 0.0 0.0 
0.20784314 0.0 0.0 0.0 0.21960784 0.90588236 0.0 0.0 0.0 0.0 0.0 0.0 0.0 0.0 0.0 0.0 0.0 0.23137255 0.85490197 0.5568628 0.0 0.0 0.0 0.0 0.0 0.0 0.0 0.0 
0.20784314 0.0 0.0 0.0 0.0 0.7411765 0.7647059 0.18039216 0.0 0.0 0.0 0.0 0.0 0.0 0.0 0.0 0.40784314 0.8784314 0.57254905 0.0 0.0 0.0 0.0 0.0 0.0 0.0 0.0 0.0 
0.20784314 0.0 0.0 0.0 0.0 0.0 0.6392157 0.8901961 0.7254902 0.42352942 0.0 0.0 0.0 0.20784314 0.5137255 0.7921569 0.8627451 0.42745098 0.0 0.0 0.0 0.0 0.0 0.0 0.0 0.0 0.0 0.0 
0.20784314 0.0 0.0 0.0 0.0 0.0 0.0 0.16470589 0.5803922 0.80784315 0.85490197 0.85490197 0.85490197 0.85490197 0.7607843 0.50980395 0.0 0.0 0.0 0.0 0.0 0.0 0.0 0.0 0.0 0.0 0.0 0.0 
0.20784314 0.0 0.0 0.0 0.0 0.0 0.0 0.0 0.0 0.0 0.0 0.0 0.0 0.0 0.0 0.0 0.0 0.0 0.0 0.0 0.0 0.0 0.0 0.0 0.0 0.0 0.0 0.0 
0.20784314 0.0 0.0 0.0 0.0 0.0 0.0 0.0 0.0 0.0 0.0 0.0 0.0 0.0 0.0 0.0 0.0 0.0 0.0 0.0 0.0 0.0 0.0 0.0 0.0 0.0 0.0 0.0 
0.20784314 0.0 0.0 0.0 0.0 0.0 0.0 0.0 0.0 0.0 0.0 0.0 0.0 0.0 0.0 0.0 0.0 0.0 0.0 0.0 0.0 0.0 0.0 0.0 0.0 0.0 0.0 0.0 
0.20784314 0.0 0.0 0.0 0.0 0.0 0.0 0.0 0.0 0.0 0.0 0.0 0.0 0.0 0.0 0.0 0.0 0.0 0.0 0.0 0.0 0.0 0.0 0.0 0.0 0.0 0.0 0.0 
-25.495943
0.72431815
-5.4705005
6.167805
-15.426685
2.620204
-27.440203
-2.8516657
-9.063678
-2.5160635
prediction done
3
mouse pressed
mouse release
mouse pressed
mouse release
2019-12-14 00:28:52.113985: I tensorflow/cc/saved_model/reader.cc:31] Reading SavedModel from: ./src/model_100000_batches_with_size_50
2019-12-14 00:28:52.117319: I tensorflow/cc/saved_model/reader.cc:54] Reading meta graph with tags { serve }
2019-12-14 00:28:52.135976: I tensorflow/cc/saved_model/loader.cc:202] Restoring SavedModel bundle.
2019-12-14 00:28:52.185778: I tensorflow/cc/saved_model/loader.cc:311] SavedModel load for tags { serve }; Status: success. Took 71793 microseconds.
0.20784314 0.0 0.0 0.0 0.0 0.0 0.0 0.0 0.0 0.0 0.0 0.0 0.0 0.0 0.0 0.0 0.0 0.0 0.0 0.0 0.0 0.0 0.0 0.0 0.0 0.0 0.0 0.0 
0.20784314 0.0 0.0 0.0 0.0 0.0 0.0 0.0 0.0 0.0 0.0 0.0 0.0 0.0 0.0 0.0 0.0 0.0 0.0 0.0 0.0 0.0 0.0 0.0 0.0 0.0 0.0 0.0 
0.20784314 0.0 0.0 0.0 0.0 0.0 0.0 0.0 0.0 0.5921569 0.6745098 0.6745098 0.6745098 0.6745098 0.6745098 0.6745098 0.6745098 0.6745098 0.6745098 0.3019608 0.0 0.0 0.0 0.0 0.0 0.0 0.0 0.0 
0.20784314 0.0 0.0 0.0 0.0 0.0 0.0 0.0 0.0 0.8392157 0.62352943 0.5764706 0.5764706 0.5764706 0.5764706 0.5764706 0.5764706 0.5764706 0.5764706 0.2509804 0.0 0.0 0.0 0.0 0.0 0.0 0.0 0.0 
0.20784314 0.0 0.0 0.0 0.0 0.0 0.0 0.0 0.0 0.80784315 0.30980393 0.0 0.0 0.0 0.0 0.0 0.0 0.0 0.0 0.0 0.0 0.0 0.0 0.0 0.0 0.0 0.0 0.0 
0.20784314 0.0 0.0 0.0 0.0 0.0 0.0 0.0 0.0 0.80784315 0.30980393 0.0 0.0 0.0 0.0 0.0 0.0 0.0 0.0 0.0 0.0 0.0 0.0 0.0 0.0 0.0 0.0 0.0 
0.20784314 0.0 0.0 0.0 0.0 0.0 0.0 0.0 0.0 0.80784315 0.30980393 0.0 0.0 0.0 0.0 0.0 0.0 0.0 0.0 0.0 0.0 0.0 0.0 0.0 0.0 0.0 0.0 0.0 
0.20784314 0.0 0.0 0.0 0.0 0.0 0.0 0.0 0.0 0.80784315 0.30980393 0.0 0.0 0.0 0.0 0.0 0.0 0.0 0.0 0.0 0.0 0.0 0.0 0.0 0.0 0.0 0.0 0.0 
0.20784314 0.0 0.0 0.0 0.0 0.0 0.0 0.0 0.0 0.80784315 0.30980393 0.0 0.0 0.0 0.0 0.0 0.0 0.0 0.0 0.0 0.0 0.0 0.0 0.0 0.0 0.0 0.0 0.0 
0.20784314 0.0 0.0 0.0 0.0 0.0 0.0 0.0 0.0 0.84705883 0.25882354 0.0 0.34509805 0.5803922 0.62352943 0.61960787 0.5568628 0.10980392 0.0 0.0 0.0 0.0 0.0 0.0 0.0 0.0 0.0 0.0 
0.20784314 0.0 0.0 0.0 0.0 0.0 0.0 0.0 0.0 0.87058824 0.44705883 0.84705883 0.84313726 0.69803923 0.6392157 0.63529414 0.7411765 0.89411765 0.45882353 0.0 0.0 0.0 0.0 0.0 0.0 0.0 0.0 0.0 
0.20784314 0.0 0.0 0.0 0.0 0.0 0.0 0.0 0.0 0.93333334 0.8627451 0.42745098 0.0 0.0 0.0 0.0 0.0 0.37254903 0.89411765 0.44705883 0.0 0.0 0.0 0.0 0.0 0.0 0.0 0.0 
0.20784314 0.0 0.0 0.0 0.0 0.0 0.0 0.0 0.0 0.73333335 0.10980392 0.0 0.0 0.0 0.0 0.0 0.0 0.0 0.38431373 0.89411765 0.13333334 0.0 0.0 0.0 0.0 0.0 0.0 0.0 
0.20784314 0.0 0.0 0.0 0.0 0.0 0.0 0.0 0.0 0.0 0.0 0.0 0.0 0.0 0.0 0.0 0.0 0.0 0.0 0.7411765 0.59607846 0.0 0.0 0.0 0.0 0.0 0.0 0.0 
0.20784314 0.0 0.0 0.0 0.0 0.0 0.0 0.0 0.0 0.0 0.0 0.0 0.0 0.0 0.0 0.0 0.0 0.0 0.0 0.53333336 0.73333335 0.0 0.0 0.0 0.0 0.0 0.0 0.0 
0.20784314 0.0 0.0 0.0 0.0 0.0 0.0 0.0 0.0 0.0 0.0 0.0 0.0 0.0 0.0 0.0 0.0 0.0 0.0 0.42352942 0.7921569 0.0 0.0 0.0 0.0 0.0 0.0 0.0 
0.20784314 0.0 0.0 0.0 0.0 0.0 0.0 0.0 0.0 0.0 0.0 0.0 0.0 0.0 0.0 0.0 0.0 0.0 0.0 0.4 0.78431374 0.0 0.0 0.0 0.0 0.0 0.0 0.0 
0.20784314 0.0 0.0 0.0 0.0 0.0 0.0 0.0 0.0 0.0 0.0 0.0 0.0 0.0 0.0 0.0 0.0 0.0 0.0 0.6431373 0.69411767 0.0 0.0 0.0 0.0 0.0 0.0 0.0 
0.20784314 0.0 0.0 0.0 0.0 0.0 0.0 0.0 0.0 0.0 0.0 0.0 0.0 0.0 0.0 0.0 0.0 0.0 0.16470589 0.89411765 0.2509804 0.0 0.0 0.0 0.0 0.0 0.0 0.0 
0.20784314 0.0 0.0 0.0 0.0 0.0 0.3254902 0.16470589 0.0 0.0 0.0 0.0 0.0 0.0 0.0 0.0 0.0 0.050980393 0.7921569 0.6392157 0.0 0.0 0.0 0.0 0.0 0.0 0.0 0.0 
0.20784314 0.0 0.0 0.0 0.0 0.0 0.74509805 0.69411767 0.0 0.0 0.0 0.0 0.0 0.0 0.0 0.0 0.23921569 0.8156863 0.72156864 0.0 0.0 0.0 0.0 0.0 0.0 0.0 0.0 0.0 
0.20784314 0.0 0.0 0.0 0.0 0.0 0.13333334 0.84313726 0.627451 0.0 0.0 0.0 0.0 0.0 0.36078432 0.7254902 0.8901961 0.58431375 0.0 0.0 0.0 0.0 0.0 0.0 0.0 0.0 0.0 0.0 
0.20784314 0.0 0.0 0.0 0.0 0.0 0.0 0.19607843 0.78431374 0.8509804 0.7529412 0.7607843 0.8235294 0.8784314 0.83137256 0.59607846 0.13333334 0.0 0.0 0.0 0.0 0.0 0.0 0.0 0.0 0.0 0.0 0.0 
0.20784314 0.0 0.0 0.0 0.0 0.0 0.0 0.0 0.0 0.3372549 0.44705883 0.45882353 0.3529412 0.050980393 0.0 0.0 0.0 0.0 0.0 0.0 0.0 0.0 0.0 0.0 0.0 0.0 0.0 0.0 
0.20784314 0.0 0.0 0.0 0.0 0.0 0.0 0.0 0.0 0.0 0.0 0.0 0.0 0.0 0.0 0.0 0.0 0.0 0.0 0.0 0.0 0.0 0.0 0.0 0.0 0.0 0.0 0.0 
0.20784314 0.0 0.0 0.0 0.0 0.0 0.0 0.0 0.0 0.0 0.0 0.0 0.0 0.0 0.0 0.0 0.0 0.0 0.0 0.0 0.0 0.0 0.0 0.0 0.0 0.0 0.0 0.0 
0.20784314 0.0 0.0 0.0 0.0 0.0 0.0 0.0 0.0 0.0 0.0 0.0 0.0 0.0 0.0 0.0 0.0 0.0 0.0 0.0 0.0 0.0 0.0 0.0 0.0 0.0 0.0 0.0 
0.20784314 0.0 0.0 0.0 0.0 0.0 0.0 0.0 0.0 0.0 0.0 0.0 0.0 0.0 0.0 0.0 0.0 0.0 0.0 0.0 0.0 0.0 0.0 0.0 0.0 0.0 0.0 0.0 
-24.930998
-2.7155938
-9.96071
2.705083
-20.132477
7.201679
-28.015108
-10.159242
-7.3046517
-4.6434193
prediction done
5
mouse pressed
mouse release
2019-12-14 00:28:56.618642: I tensorflow/cc/saved_model/reader.cc:31] Reading SavedModel from: ./src/model_100000_batches_with_size_50
2019-12-14 00:28:56.622274: I tensorflow/cc/saved_model/reader.cc:54] Reading meta graph with tags { serve }
2019-12-14 00:28:56.641357: I tensorflow/cc/saved_model/loader.cc:202] Restoring SavedModel bundle.
2019-12-14 00:28:56.694004: I tensorflow/cc/saved_model/loader.cc:311] SavedModel load for tags { serve }; Status: success. Took 75362 microseconds.
0.20784314 0.0 0.0 0.0 0.0 0.0 0.0 0.0 0.0 0.0 0.0 0.0 0.0 0.0 0.0 0.0 0.0 0.0 0.0 0.0 0.0 0.0 0.0 0.0 0.0 0.0 0.0 0.0 
0.20784314 0.0 0.0 0.0 0.0 0.0 0.0 0.0 0.0 0.0 0.0 0.0 0.0 0.0 0.0 0.0 0.0 0.0 0.0 0.0 0.0 0.0 0.0 0.0 0.0 0.0 0.0 0.0 
0.20784314 0.0 0.0 0.0 0.0 0.0 0.0 0.0 0.0 0.0 0.0 0.0 0.0 0.0 0.0 0.0 0.0 0.0 0.0 0.0 0.0 0.0 0.0 0.0 0.0 0.0 0.0 0.0 
0.20784314 0.0 0.0 0.0 0.0 0.0 0.0 0.0 0.0 0.0 0.0 0.0 0.0 0.0 0.0 0.0 0.0 0.0 0.0 0.0 0.0 0.0 0.0 0.0 0.0 0.0 0.0 0.0 
0.20784314 0.0 0.0 0.0 0.0 0.0 0.0 0.0 0.0 0.4862745 0.827451 0.8392157 0.78431374 0.54509807 0.0 0.0 0.0 0.0 0.0 0.0 0.0 0.0 0.0 0.0 0.0 0.0 0.0 0.0 
0.20784314 0.0 0.0 0.0 0.0 0.0 0.0 0.0 0.5176471 0.90588236 0.4 0.2784314 0.5176471 0.79607844 0.87058824 0.38431373 0.0 0.0 0.0 0.0 0.0 0.0 0.0 0.0 0.0 0.0 0.0 0.0 
0.20784314 0.0 0.0 0.0 0.0 0.0 0.0 0.19607843 0.89411765 0.3019608 0.0 0.0 0.0 0.0 0.4509804 0.89411765 0.5254902 0.0 0.0 0.0 0.0 0.0 0.0 0.0 0.0 0.0 0.0 0.0 
0.20784314 0.0 0.0 0.0 0.0 0.0 0.0 0.6862745 0.6745098 0.0 0.0 0.0 0.0 0.0 0.0 0.3019608 0.8745098 0.5647059 0.0 0.0 0.0 0.0 0.0 0.0 0.0 0.0 0.0 0.0 
0.20784314 0.0 0.0 0.0 0.0 0.0 0.0 0.8745098 0.21960784 0.0 0.0 0.0 0.0 0.0 0.0 0.0 0.28627452 0.8784314 0.4509804 0.0 0.0 0.0 0.0 0.0 0.0 0.0 0.0 0.0 
0.20784314 0.0 0.0 0.0 0.0 0.0 0.25882354 0.85882354 0.0 0.0 0.0 0.0 0.0 0.0 0.0 0.0 0.0 0.44313726 0.6666667 0.0 0.0 0.0 0.0 0.0 0.0 0.0 0.0 0.0 
0.20784314 0.0 0.0 0.0 0.0 0.0 0.5058824 0.7529412 0.0 0.0 0.0 0.0 0.0 0.0 0.0 0.0 0.0 0.0 0.0 0.0 0.0 0.0 0.0 0.0 0.0 0.0 0.0 0.0 
0.20784314 0.0 0.0 0.0 0.0 0.0 0.62352943 0.64705884 0.0 0.0 0.0 0.0 0.0 0.0 0.0 0.0 0.0 0.0 0.0 0.0 0.0 0.0 0.0 0.0 0.0 0.0 0.0 0.0 
0.20784314 0.0 0.0 0.0 0.0 0.0 0.62352943 0.62352943 0.0 0.0 0.0 0.0 0.0 0.0 0.0 0.0 0.0 0.0 0.0 0.0 0.0 0.0 0.0 0.0 0.0 0.0 0.0 0.0 
0.20784314 0.0 0.0 0.0 0.0 0.0 0.6392157 0.8666667 0.90588236 0.85882354 0.85882354 0.8901961 0.8392157 0.56078434 0.0 0.0 0.0 0.0 0.0 0.0 0.0 0.0 0.0 0.0 0.0 0.0 0.0 0.0 
0.20784314 0.0 0.0 0.0 0.0 0.0 0.72156864 0.7607843 0.16470589 0.0 0.0 0.0 0.3647059 0.76862746 0.87058824 0.4392157 0.0 0.0 0.0 0.0 0.0 0.0 0.0 0.0 0.0 0.0 0.0 0.0 
0.20784314 0.0 0.0 0.0 0.0 0.0 0.5921569 0.69411767 0.0 0.0 0.0 0.0 0.0 0.0 0.41568628 0.88235295 0.5058824 0.0 0.0 0.0 0.0 0.0 0.0 0.0 0.0 0.0 0.0 0.0 
0.20784314 0.0 0.0 0.0 0.0 0.0 0.38431373 0.8235294 0.0 0.0 0.0 0.0 0.0 0.0 0.0 0.3529412 0.8980392 0.050980393 0.0 0.0 0.0 0.0 0.0 0.0 0.0 0.0 0.0 0.0 
0.20784314 0.0 0.0 0.0 0.0 0.0 0.050980393 0.8784314 0.2784314 0.0 0.0 0.0 0.0 0.0 0.0 0.0 0.85490197 0.10980392 0.0 0.0 0.0 0.0 0.0 0.0 0.0 0.0 0.0 0.0 
0.20784314 0.0 0.0 0.0 0.0 0.0 0.0 0.6156863 0.74509805 0.0 0.0 0.0 0.0 0.0 0.0 0.0 0.8666667 0.14901961 0.0 0.0 0.0 0.0 0.0 0.0 0.0 0.0 0.0 0.0 
0.20784314 0.0 0.0 0.0 0.0 0.0 0.0 0.050980393 0.85490197 0.5647059 0.0 0.0 0.0 0.0 0.0 0.28627452 0.8980392 0.0 0.0 0.0 0.0 0.0 0.0 0.0 0.0 0.0 0.0 0.0 
0.20784314 0.0 0.0 0.0 0.0 0.0 0.0 0.0 0.28627452 0.83137256 0.8235294 0.57254905 0.2509804 0.0 0.3372549 0.8901961 0.5294118 0.0 0.0 0.0 0.0 0.0 0.0 0.0 0.0 0.0 0.0 0.0 
0.20784314 0.0 0.0 0.0 0.0 0.0 0.0 0.0 0.0 0.0 0.4627451 0.7254902 0.8509804 0.87058824 0.85882354 0.53333336 0.0 0.0 0.0 0.0 0.0 0.0 0.0 0.0 0.0 0.0 0.0 0.0 
0.20784314 0.0 0.0 0.0 0.0 0.0 0.0 0.0 0.0 0.0 0.0 0.0 0.0 0.0 0.0 0.0 0.0 0.0 0.0 0.0 0.0 0.0 0.0 0.0 0.0 0.0 0.0 0.0 
0.20784314 0.0 0.0 0.0 0.0 0.0 0.0 0.0 0.0 0.0 0.0 0.0 0.0 0.0 0.0 0.0 0.0 0.0 0.0 0.0 0.0 0.0 0.0 0.0 0.0 0.0 0.0 0.0 
0.20784314 0.0 0.0 0.0 0.0 0.0 0.0 0.0 0.0 0.0 0.0 0.0 0.0 0.0 0.0 0.0 0.0 0.0 0.0 0.0 0.0 0.0 0.0 0.0 0.0 0.0 0.0 0.0 
0.20784314 0.0 0.0 0.0 0.0 0.0 0.0 0.0 0.0 0.0 0.0 0.0 0.0 0.0 0.0 0.0 0.0 0.0 0.0 0.0 0.0 0.0 0.0 0.0 0.0 0.0 0.0 0.0 
0.20784314 0.0 0.0 0.0 0.0 0.0 0.0 0.0 0.0 0.0 0.0 0.0 0.0 0.0 0.0 0.0 0.0 0.0 0.0 0.0 0.0 0.0 0.0 0.0 0.0 0.0 0.0 0.0 
0.20784314 0.0 0.0 0.0 0.0 0.0 0.0 0.0 0.0 0.0 0.0 0.0 0.0 0.0 0.0 0.0 0.0 0.0 0.0 0.0 0.0 0.0 0.0 0.0 0.0 0.0 0.0 0.0 
-1.5746534
-6.66297
-6.0501933
-7.7433963
-3.570453
1.2173743
-0.52121365
-9.760082
-2.0471187
-5.328183
prediction done
5
mouse pressed
mouse release
2019-12-14 00:29:01.405998: I tensorflow/cc/saved_model/reader.cc:31] Reading SavedModel from: ./src/model_100000_batches_with_size_50
2019-12-14 00:29:01.409381: I tensorflow/cc/saved_model/reader.cc:54] Reading meta graph with tags { serve }
2019-12-14 00:29:01.429200: I tensorflow/cc/saved_model/loader.cc:202] Restoring SavedModel bundle.
2019-12-14 00:29:01.478312: I tensorflow/cc/saved_model/loader.cc:311] SavedModel load for tags { serve }; Status: success. Took 72313 microseconds.
0.20784314 0.0 0.0 0.0 0.0 0.0 0.0 0.0 0.0 0.0 0.0 0.0 0.0 0.0 0.0 0.0 0.0 0.0 0.0 0.0 0.0 0.0 0.0 0.0 0.0 0.0 0.0 0.0 
0.20784314 0.0 0.0 0.0 0.0 0.0 0.0 0.0 0.0 0.0 0.0 0.0 0.0 0.0 0.0 0.0 0.0 0.0 0.0 0.0 0.0 0.0 0.0 0.0 0.0 0.0 0.0 0.0 
0.20784314 0.0 0.0 0.0 0.0 0.0 0.0 0.0 0.0 0.0 0.0 0.0 0.0 0.0 0.0 0.0 0.0 0.0 0.0 0.0 0.0 0.0 0.0 0.0 0.0 0.0 0.0 0.0 
0.20784314 0.0 0.0 0.0 0.0 0.0 0.0 0.0 0.0 0.0 0.0 0.0 0.0 0.0 0.0 0.0 0.0 0.0 0.0 0.0 0.0 0.0 0.0 0.0 0.0 0.0 0.0 0.0 
0.20784314 0.0 0.0 0.0 0.0 0.0 0.0 0.0 0.0 0.0 0.10980392 0.78431374 0.87058824 0.8901961 0.827451 0.5568628 0.0 0.0 0.0 0.0 0.0 0.0 0.0 0.0 0.0 0.0 0.0 0.0 
0.20784314 0.0 0.0 0.0 0.0 0.0 0.0 0.0 0.0 0.0 0.78431374 0.7058824 0.050980393 0.050980393 0.43137255 0.7882353 0.8352941 0.30980393 0.0 0.0 0.0 0.0 0.0 0.0 0.0 0.0 0.0 0.0 
0.20784314 0.0 0.0 0.0 0.0 0.0 0.0 0.0 0.0 0.5254902 0.8235294 0.0 0.0 0.0 0.0 0.0 0.52156866 0.89411765 0.4627451 0.0 0.0 0.0 0.0 0.0 0.0 0.0 0.0 0.0 
0.20784314 0.0 0.0 0.0 0.0 0.0 0.0 0.0 0.0 0.8392157 0.3882353 0.0 0.0 0.0 0.0 0.0 0.0 0.3764706 0.89411765 0.4862745 0.0 0.0 0.0 0.0 0.0 0.0 0.0 0.0 
0.20784314 0.0 0.0 0.0 0.0 0.0 0.0 0.0 0.28627452 0.8627451 0.0 0.0 0.0 0.0 0.0 0.0 0.0 0.0 0.3372549 0.8980392 0.38431373 0.0 0.0 0.0 0.0 0.0 0.0 0.0 
0.20784314 0.0 0.0 0.0 0.0 0.0 0.0 0.0 0.6392157 0.67058825 0.0 0.0 0.0 0.0 0.0 0.0 0.0 0.0 0.0 0.5137255 0.8352941 0.0 0.0 0.0 0.0 0.0 0.0 0.0 
0.20784314 0.0 0.0 0.0 0.0 0.0 0.0 0.0 0.8156863 0.39607844 0.0 0.0 0.0 0.0 0.0 0.0 0.0 0.0 0.0 0.0 0.5372549 0.0 0.0 0.0 0.0 0.0 0.0 0.0 
0.20784314 0.0 0.0 0.0 0.0 0.0 0.0 0.0 0.8862745 0.08627451 0.0 0.0 0.0 0.0 0.0 0.0 0.0 0.0 0.0 0.0 0.0 0.0 0.0 0.0 0.0 0.0 0.0 0.0 
0.20784314 0.0 0.0 0.0 0.0 0.0 0.0 0.25882354 0.84705883 0.0 0.0 0.0 0.0 0.0 0.0 0.0 0.0 0.0 0.0 0.0 0.0 0.0 0.0 0.0 0.0 0.0 0.0 0.0 
0.20784314 0.0 0.0 0.0 0.0 0.0 0.0 0.34509805 0.8039216 0.0 0.0 0.0 0.0 0.0 0.0 0.0 0.0 0.0 0.0 0.0 0.0 0.0 0.0 0.0 0.0 0.0 0.0 0.0 
0.20784314 0.0 0.0 0.0 0.0 0.0 0.0 0.4392157 0.78039217 0.0 0.0 0.41568628 0.7607843 0.8862745 0.85490197 0.8784314 0.87058824 0.654902 0.050980393 0.0 0.0 0.0 0.0 0.0 0.0 0.0 0.0 0.0 
0.20784314 0.0 0.0 0.0 0.0 0.0 0.0 0.4392157 0.7607843 0.10980392 0.7607843 0.8509804 0.5294118 0.08627451 0.0 0.0 0.21960784 0.7254902 0.84313726 0.08627451 0.0 0.0 0.0 0.0 0.0 0.0 0.0 0.0 
0.20784314 0.0 0.0 0.0 0.0 0.0 0.0 0.4392157 0.77254903 0.8352941 0.68235296 0.0 0.0 0.0 0.0 0.0 0.0 0.0 0.6901961 0.7137255 0.0 0.0 0.0 0.0 0.0 0.0 0.0 0.0 
0.20784314 0.0 0.0 0.0 0.0 0.0 0.0 0.44313726 0.9882353 0.6313726 0.0 0.0 0.0 0.0 0.0 0.0 0.0 0.0 0.08627451 0.89411765 0.0 0.0 0.0 0.0 0.0 0.0 0.0 0.0 
0.20784314 0.0 0.0 0.0 0.0 0.0 0.0 0.2509804 0.8901961 0.0 0.0 0.0 0.0 0.0 0.0 0.0 0.0 0.0 0.0 0.85882354 0.050980393 0.0 0.0 0.0 0.0 0.0 0.0 0.0 
0.20784314 0.0 0.0 0.0 0.0 0.0 0.0 0.0 0.8235294 0.4117647 0.0 0.0 0.0 0.0 0.0 0.0 0.0 0.0 0.0 0.8745098 0.0 0.0 0.0 0.0 0.0 0.0 0.0 0.0 
0.20784314 0.0 0.0 0.0 0.0 0.0 0.0 0.0 0.52156866 0.79607844 0.0 0.0 0.0 0.0 0.0 0.0 0.0 0.0 0.27058825 0.87058824 0.0 0.0 0.0 0.0 0.0 0.0 0.0 0.0 
0.20784314 0.0 0.0 0.0 0.0 0.0 0.0 0.0 0.0 0.85882354 0.4745098 0.0 0.0 0.0 0.0 0.0 0.0 0.0 0.76862746 0.60784316 0.0 0.0 0.0 0.0 0.0 0.0 0.0 0.0 
0.20784314 0.0 0.0 0.0 0.0 0.0 0.0 0.0 0.0 0.37254903 0.8901961 0.5411765 0.0 0.0 0.0 0.0 0.0 0.6862745 0.8156863 0.050980393 0.0 0.0 0.0 0.0 0.0 0.0 0.0 0.0 
0.20784314 0.0 0.0 0.0 0.0 0.0 0.0 0.0 0.0 0.0 0.29411766 0.81960785 0.83137256 0.54901963 0.23921569 0.4117647 0.84705883 0.7411765 0.10980392 0.0 0.0 0.0 0.0 0.0 0.0 0.0 0.0 0.0 
0.20784314 0.0 0.0 0.0 0.0 0.0 0.0 0.0 0.0 0.0 0.0 0.0 0.42745098 0.7490196 0.85490197 0.827451 0.49411765 0.0 0.0 0.0 0.0 0.0 0.0 0.0 0.0 0.0 0.0 0.0 
0.20784314 0.0 0.0 0.0 0.0 0.0 0.0 0.0 0.0 0.0 0.0 0.0 0.0 0.0 0.0 0.0 0.0 0.0 0.0 0.0 0.0 0.0 0.0 0.0 0.0 0.0 0.0 0.0 
0.20784314 0.0 0.0 0.0 0.0 0.0 0.0 0.0 0.0 0.0 0.0 0.0 0.0 0.0 0.0 0.0 0.0 0.0 0.0 0.0 0.0 0.0 0.0 0.0 0.0 0.0 0.0 0.0 
0.20784314 0.0 0.0 0.0 0.0 0.0 0.0 0.0 0.0 0.0 0.0 0.0 0.0 0.0 0.0 0.0 0.0 0.0 0.0 0.0 0.0 0.0 0.0 0.0 0.0 0.0 0.0 0.0 
-1.5414872
-5.2447147
-6.7591686
-10.238967
-5.3431973
-0.17862144
5.2712164
-15.527105
3.2285867
-7.949245
prediction done
6
mouse pressed
mouse release
2019-12-14 00:29:04.886789: I tensorflow/cc/saved_model/reader.cc:31] Reading SavedModel from: ./src/model_100000_batches_with_size_50
2019-12-14 00:29:04.890270: I tensorflow/cc/saved_model/reader.cc:54] Reading meta graph with tags { serve }
2019-12-14 00:29:04.910039: I tensorflow/cc/saved_model/loader.cc:202] Restoring SavedModel bundle.
2019-12-14 00:29:04.960034: I tensorflow/cc/saved_model/loader.cc:311] SavedModel load for tags { serve }; Status: success. Took 73245 microseconds.
0.20784314 0.0 0.0 0.0 0.0 0.0 0.0 0.0 0.0 0.0 0.0 0.0 0.0 0.0 0.0 0.0 0.0 0.0 0.0 0.0 0.0 0.0 0.0 0.0 0.0 0.0 0.0 0.0 
0.20784314 0.0 0.0 0.0 0.0 0.0 0.0 0.0 0.0 0.0 0.0 0.0 0.0 0.0 0.0 0.0 0.0 0.0 0.0 0.0 0.0 0.0 0.0 0.0 0.0 0.0 0.0 0.0 
0.20784314 0.0 0.0 0.0 0.0 0.0 0.0 0.0 0.0 0.0 0.0 0.0 0.0 0.0 0.0 0.0 0.0 0.0 0.0 0.0 0.0 0.0 0.0 0.0 0.0 0.0 0.0 0.0 
0.20784314 0.0 0.0 0.0 0.0 0.0 0.0 0.0 0.0 0.0 0.0 0.0 0.0 0.0 0.0 0.0 0.0 0.0 0.0 0.0 0.0 0.0 0.0 0.0 0.0 0.0 0.0 0.0 
0.20784314 0.0 0.0 0.0 0.0 0.0 0.0 0.0 0.0 0.0 0.0 0.0 0.0 0.0 0.0 0.0 0.0 0.0 0.0 0.0 0.0 0.0 0.0 0.0 0.0 0.0 0.0 0.0 
0.20784314 0.0 0.0 0.0 0.0 0.0 0.0 0.4745098 0.62352943 0.7058824 0.7411765 0.8117647 0.84705883 0.87058824 0.85882354 0.85490197 0.85490197 0.88235295 0.7921569 0.4117647 0.0 0.0 0.0 0.0 0.0 0.0 0.0 0.0 
0.20784314 0.0 0.0 0.0 0.0 0.0 0.0 0.5019608 0.6392157 0.5647059 0.5137255 0.34509805 0.25882354 0.0 0.0 0.0 0.0 0.25882354 0.9254902 0.31764707 0.0 0.0 0.0 0.0 0.0 0.0 0.0 0.0 
0.20784314 0.0 0.0 0.0 0.0 0.0 0.0 0.0 0.0 0.0 0.0 0.0 0.0 0.0 0.0 0.0 0.0 0.61960787 0.7137255 0.0 0.0 0.0 0.0 0.0 0.0 0.0 0.0 0.0 
0.20784314 0.0 0.0 0.0 0.0 0.0 0.0 0.0 0.0 0.0 0.0 0.0 0.0 0.0 0.0 0.0 0.0 0.8666667 0.29411766 0.0 0.0 0.0 0.0 0.0 0.0 0.0 0.0 0.0 
0.20784314 0.0 0.0 0.0 0.0 0.0 0.0 0.0 0.0 0.0 0.0 0.0 0.0 0.0 0.0 0.0 0.4509804 0.8117647 0.0 0.0 0.0 0.0 0.0 0.0 0.0 0.0 0.0 0.0 
0.20784314 0.0 0.0 0.0 0.0 0.0 0.0 0.0 0.0 0.0 0.0 0.0 0.0 0.0 0.0 0.0 0.76862746 0.5137255 0.0 0.0 0.0 0.0 0.0 0.0 0.0 0.0 0.0 0.0 
0.20784314 0.0 0.0 0.0 0.0 0.0 0.0 0.0 0.0 0.0 0.0 0.0 0.0 0.0 0.0 0.050980393 0.8901961 0.08627451 0.0 0.0 0.0 0.0 0.0 0.0 0.0 0.0 0.0 0.0 
0.20784314 0.0 0.0 0.0 0.0 0.0 0.0 0.0 0.0 0.0 0.0 0.0 0.0 0.0 0.0 0.5176471 0.77254903 0.0 0.0 0.0 0.0 0.0 0.0 0.0 0.0 0.0 0.0 0.0 
0.20784314 0.0 0.0 0.0 0.0 0.0 0.0 0.0 0.0 0.0 0.0 0.0 0.0 0.0 0.0 0.8156863 0.4392157 0.0 0.0 0.0 0.0 0.0 0.0 0.0 0.0 0.0 0.0 0.0 
0.20784314 0.0 0.0 0.0 0.0 0.0 0.0 0.0 0.0 0.0 0.0 0.0 0.0 0.0 0.19607843 0.8745098 0.0 0.0 0.0 0.0 0.0 0.0 0.0 0.0 0.0 0.0 0.0 0.0 
0.20784314 0.0 0.0 0.0 0.0 0.0 0.0 0.0 0.0 0.0 0.0 0.0 0.0 0.0 0.654902 0.6862745 0.0 0.0 0.0 0.0 0.0 0.0 0.0 0.0 0.0 0.0 0.0 0.0 
0.20784314 0.0 0.0 0.0 0.0 0.0 0.0 0.0 0.0 0.0 0.0 0.0 0.0 0.0 0.8745098 0.23921569 0.0 0.0 0.0 0.0 0.0 0.0 0.0 0.0 0.0 0.0 0.0 0.0 
0.20784314 0.0 0.0 0.0 0.0 0.0 0.0 0.0 0.0 0.0 0.0 0.0 0.0 0.40784314 0.8235294 0.0 0.0 0.0 0.0 0.0 0.0 0.0 0.0 0.0 0.0 0.0 0.0 0.0 
0.20784314 0.0 0.0 0.0 0.0 0.0 0.0 0.0 0.0 0.0 0.0 0.0 0.0 0.7058824 0.5921569 0.0 0.0 0.0 0.0 0.0 0.0 0.0 0.0 0.0 0.0 0.0 0.0 0.0 
0.20784314 0.0 0.0 0.0 0.0 0.0 0.0 0.0 0.0 0.0 0.0 0.0 0.0 0.8784314 0.2509804 0.0 0.0 0.0 0.0 0.0 0.0 0.0 0.0 0.0 0.0 0.0 0.0 0.0 
0.20784314 0.0 0.0 0.0 0.0 0.0 0.0 0.0 0.0 0.0 0.0 0.0 0.4 0.81960785 0.0 0.0 0.0 0.0 0.0 0.0 0.0 0.0 0.0 0.0 0.0 0.0 0.0 0.0 
0.20784314 0.0 0.0 0.0 0.0 0.0 0.0 0.0 0.0 0.0 0.0 0.0 0.6862745 0.6392157 0.0 0.0 0.0 0.0 0.0 0.0 0.0 0.0 0.0 0.0 0.0 0.0 0.0 0.0 
0.20784314 0.0 0.0 0.0 0.0 0.0 0.0 0.0 0.0 0.0 0.0 0.0 0.83137256 0.34509805 0.0 0.0 0.0 0.0 0.0 0.0 0.0 0.0 0.0 0.0 0.0 0.0 0.0 0.0 
0.20784314 0.0 0.0 0.0 0.0 0.0 0.0 0.0 0.0 0.0 0.0 0.0 0.9019608 0.050980393 0.0 0.0 0.0 0.0 0.0 0.0 0.0 0.0 0.0 0.0 0.0 0.0 0.0 0.0 
0.20784314 0.0 0.0 0.0 0.0 0.0 0.0 0.0 0.0 0.0 0.0 0.14901961 0.7529412 0.0 0.0 0.0 0.0 0.0 0.0 0.0 0.0 0.0 0.0 0.0 0.0 0.0 0.0 0.0 
0.20784314 0.0 0.0 0.0 0.0 0.0 0.0 0.0 0.0 0.0 0.0 0.0 0.0 0.0 0.0 0.0 0.0 0.0 0.0 0.0 0.0 0.0 0.0 0.0 0.0 0.0 0.0 0.0 
0.20784314 0.0 0.0 0.0 0.0 0.0 0.0 0.0 0.0 0.0 0.0 0.0 0.0 0.0 0.0 0.0 0.0 0.0 0.0 0.0 0.0 0.0 0.0 0.0 0.0 0.0 0.0 0.0 
0.20784314 0.0 0.0 0.0 0.0 0.0 0.0 0.0 0.0 0.0 0.0 0.0 0.0 0.0 0.0 0.0 0.0 0.0 0.0 0.0 0.0 0.0 0.0 0.0 0.0 0.0 0.0 0.0 
-21.656958
-0.015038954
-1.0775862
0.9800831
-10.7826
-11.305192
-30.959225
9.283109
-12.007606
-4.789118
prediction done
7
mouse pressed
mouse release
2019-12-14 00:29:09.672064: I tensorflow/cc/saved_model/reader.cc:31] Reading SavedModel from: ./src/model_100000_batches_with_size_50
2019-12-14 00:29:09.675568: I tensorflow/cc/saved_model/reader.cc:54] Reading meta graph with tags { serve }
2019-12-14 00:29:09.695742: I tensorflow/cc/saved_model/loader.cc:202] Restoring SavedModel bundle.
2019-12-14 00:29:09.745569: I tensorflow/cc/saved_model/loader.cc:311] SavedModel load for tags { serve }; Status: success. Took 73505 microseconds.
0.20784314 0.0 0.0 0.0 0.0 0.0 0.0 0.0 0.0 0.0 0.0 0.0 0.0 0.0 0.0 0.0 0.0 0.0 0.0 0.0 0.0 0.0 0.0 0.0 0.0 0.0 0.0 0.0 
0.20784314 0.0 0.0 0.0 0.0 0.0 0.0 0.0 0.0 0.0 0.0 0.0 0.0 0.0 0.0 0.0 0.0 0.0 0.0 0.0 0.0 0.0 0.0 0.0 0.0 0.0 0.0 0.0 
0.20784314 0.0 0.0 0.0 0.0 0.0 0.0 0.0 0.0 0.0 0.0 0.0 0.0 0.0 0.0 0.0 0.0 0.0 0.0 0.0 0.0 0.0 0.0 0.0 0.0 0.0 0.0 0.0 
0.20784314 0.0 0.0 0.0 0.0 0.0 0.0 0.0 0.0 0.0 0.0 0.0 0.0 0.0 0.0 0.0 0.0 0.0 0.0 0.0 0.0 0.0 0.0 0.0 0.0 0.0 0.0 0.0 
0.20784314 0.0 0.0 0.0 0.0 0.0 0.0 0.0 0.0 0.0 0.0 0.0 0.0 0.0 0.0 0.0 0.0 0.0 0.0 0.0 0.0 0.0 0.0 0.0 0.0 0.0 0.0 0.0 
0.20784314 0.0 0.0 0.0 0.0 0.0 0.0 0.0 0.0 0.0 0.27058825 0.79607844 0.85490197 0.8627451 0.77254903 0.5882353 0.14901961 0.0 0.0 0.0 0.0 0.0 0.0 0.0 0.0 0.0 0.0 0.0 
0.20784314 0.0 0.0 0.0 0.0 0.0 0.0 0.0 0.0 0.0 0.85490197 0.5921569 0.0 0.21960784 0.49019608 0.73333335 0.89411765 0.5803922 0.0 0.0 0.0 0.0 0.0 0.0 0.0 0.0 0.0 0.0 
0.20784314 0.0 0.0 0.0 0.0 0.0 0.0 0.0 0.0 0.54509807 0.78431374 0.0 0.0 0.0 0.0 0.0 0.2509804 0.8235294 0.7294118 0.0 0.0 0.0 0.0 0.0 0.0 0.0 0.0 0.0 
0.20784314 0.0 0.0 0.0 0.0 0.0 0.0 0.0 0.0 0.7882353 0.4627451 0.0 0.0 0.0 0.0 0.0 0.0 0.5176471 0.9882353 0.6 0.0 0.0 0.0 0.0 0.0 0.0 0.0 0.0 
0.20784314 0.0 0.0 0.0 0.0 0.0 0.0 0.0 0.0 0.8745098 0.10980392 0.0 0.0 0.0 0.0 0.0 0.0 0.7294118 0.8156863 0.7529412 0.0 0.0 0.0 0.0 0.0 0.0 0.0 0.0 
0.20784314 0.0 0.0 0.0 0.0 0.0 0.0 0.0 0.0 0.85490197 0.0 0.0 0.0 0.0 0.0 0.0 0.19607843 0.9137255 0.27058825 0.050980393 0.0 0.0 0.0 0.0 0.0 0.0 0.0 0.0 
0.20784314 0.0 0.0 0.0 0.0 0.0 0.0 0.0 0.0 0.8666667 0.23921569 0.0 0.0 0.0 0.0 0.0 0.73333335 0.68235296 0.0 0.0 0.0 0.0 0.0 0.0 0.0 0.0 0.0 0.0 
0.20784314 0.0 0.0 0.0 0.0 0.0 0.0 0.0 0.0 0.5764706 0.8862745 0.4117647 0.0 0.0 0.0 0.5764706 0.8784314 0.13333334 0.0 0.0 0.0 0.0 0.0 0.0 0.0 0.0 0.0 0.0 
0.20784314 0.0 0.0 0.0 0.0 0.0 0.0 0.0 0.0 0.0 0.4392157 0.88235295 0.70980394 0.19607843 0.5568628 0.8901961 0.23921569 0.0 0.0 0.0 0.0 0.0 0.0 0.0 0.0 0.0 0.0 0.0 
0.20784314 0.0 0.0 0.0 0.0 0.0 0.0 0.0 0.0 0.0 0.0 0.13333334 0.654902 0.9098039 0.94509804 0.39607844 0.0 0.0 0.0 0.0 0.0 0.0 0.0 0.0 0.0 0.0 0.0 0.0 
0.20784314 0.0 0.0 0.0 0.0 0.0 0.0 0.0 0.0 0.0 0.0 0.0 0.67058825 0.85490197 0.654902 0.8666667 0.8392157 0.6039216 0.23137255 0.0 0.0 0.0 0.0 0.0 0.0 0.0 0.0 0.0 
0.20784314 0.0 0.0 0.0 0.0 0.0 0.0 0.0 0.0 0.0 0.0 0.7529412 0.76862746 0.10980392 0.0 0.0 0.37254903 0.70980394 0.9019608 0.60784316 0.0 0.0 0.0 0.0 0.0 0.0 0.0 0.0 
0.20784314 0.0 0.0 0.0 0.0 0.0 0.0 0.0 0.0 0.0 0.73333335 0.7529412 0.0 0.0 0.0 0.0 0.0 0.0 0.23921569 0.8745098 0.47058824 0.0 0.0 0.0 0.0 0.0 0.0 0.0 
0.20784314 0.0 0.0 0.0 0.0 0.0 0.0 0.0 0.0 0.56078434 0.81960785 0.050980393 0.0 0.0 0.0 0.0 0.0 0.0 0.0 0.58431375 0.7294118 0.0 0.0 0.0 0.0 0.0 0.0 0.0 
0.20784314 0.0 0.0 0.0 0.0 0.0 0.0 0.0 0.0 0.8862745 0.3019608 0.0 0.0 0.0 0.0 0.0 0.0 0.0 0.0 0.4 0.7921569 0.0 0.0 0.0 0.0 0.0 0.0 0.0 
0.20784314 0.0 0.0 0.0 0.0 0.0 0.0 0.0 0.0 0.85882354 0.0 0.0 0.0 0.0 0.0 0.0 0.0 0.0 0.0 0.5568628 0.7490196 0.0 0.0 0.0 0.0 0.0 0.0 0.0 
0.20784314 0.0 0.0 0.0 0.0 0.0 0.0 0.0 0.08627451 0.8745098 0.0 0.0 0.0 0.0 0.0 0.0 0.0 0.0 0.18039216 0.8862745 0.4 0.0 0.0 0.0 0.0 0.0 0.0 0.0 
0.20784314 0.0 0.0 0.0 0.0 0.0 0.0 0.0 0.0 0.80784315 0.7372549 0.20784314 0.0 0.0 0.0 0.0 0.0 0.4392157 0.8666667 0.62352943 0.0 0.0 0.0 0.0 0.0 0.0 0.0 0.0 
0.20784314 0.0 0.0 0.0 0.0 0.0 0.0 0.0 0.0 0.08627451 0.67058825 0.8980392 0.80784315 0.76862746 0.76862746 0.8235294 0.8901961 0.827451 0.45882353 0.0 0.0 0.0 0.0 0.0 0.0 0.0 0.0 0.0 
0.20784314 0.0 0.0 0.0 0.0 0.0 0.0 0.0 0.0 0.0 0.0 0.050980393 0.38431373 0.42352942 0.43137255 0.3372549 0.050980393 0.0 0.0 0.0 0.0 0.0 0.0 0.0 0.0 0.0 0.0 0.0 
0.20784314 0.0 0.0 0.0 0.0 0.0 0.0 0.0 0.0 0.0 0.0 0.0 0.0 0.0 0.0 0.0 0.0 0.0 0.0 0.0 0.0 0.0 0.0 0.0 0.0 0.0 0.0 0.0 
0.20784314 0.0 0.0 0.0 0.0 0.0 0.0 0.0 0.0 0.0 0.0 0.0 0.0 0.0 0.0 0.0 0.0 0.0 0.0 0.0 0.0 0.0 0.0 0.0 0.0 0.0 0.0 0.0 
0.20784314 0.0 0.0 0.0 0.0 0.0 0.0 0.0 0.0 0.0 0.0 0.0 0.0 0.0 0.0 0.0 0.0 0.0 0.0 0.0 0.0 0.0 0.0 0.0 0.0 0.0 0.0 0.0 
-24.782618
-36.0961
-11.049768
-9.043909
-23.299555
-8.897003
-36.58248
-39.983356
17.406967
-3.9069235
prediction done
8
mouse pressed
mouse release
mouse pressed
mouse release
2019-12-14 00:29:14.447753: I tensorflow/cc/saved_model/reader.cc:31] Reading SavedModel from: ./src/model_100000_batches_with_size_50
2019-12-14 00:29:14.451211: I tensorflow/cc/saved_model/reader.cc:54] Reading meta graph with tags { serve }
2019-12-14 00:29:14.470694: I tensorflow/cc/saved_model/loader.cc:202] Restoring SavedModel bundle.
2019-12-14 00:29:14.520598: I tensorflow/cc/saved_model/loader.cc:311] SavedModel load for tags { serve }; Status: success. Took 72844 microseconds.
0.20784314 0.0 0.0 0.0 0.0 0.0 0.0 0.0 0.0 0.0 0.0 0.0 0.0 0.0 0.0 0.0 0.0 0.0 0.0 0.0 0.0 0.0 0.0 0.0 0.0 0.0 0.0 0.0 
0.20784314 0.0 0.0 0.0 0.0 0.0 0.0 0.0 0.0 0.0 0.0 0.0 0.0 0.0 0.0 0.0 0.0 0.0 0.0 0.0 0.0 0.0 0.0 0.0 0.0 0.0 0.0 0.0 
0.20784314 0.0 0.0 0.0 0.0 0.0 0.0 0.0 0.0 0.0 0.0 0.0 0.0 0.0 0.0 0.0 0.0 0.0 0.0 0.0 0.0 0.0 0.0 0.0 0.0 0.0 0.0 0.0 
0.20784314 0.0 0.0 0.0 0.0 0.0 0.0 0.0 0.0 0.0 0.0 0.0 0.0 0.0 0.0 0.0 0.0 0.0 0.0 0.0 0.0 0.0 0.0 0.0 0.0 0.0 0.0 0.0 
0.20784314 0.0 0.0 0.0 0.0 0.0 0.0 0.0 0.34509805 0.7529412 0.83137256 0.83137256 0.8392157 0.78431374 0.68235296 0.3529412 0.0 0.0 0.0 0.0 0.0 0.0 0.0 0.0 0.0 0.0 0.0 0.0 
0.20784314 0.0 0.0 0.0 0.0 0.0 0.0 0.5137255 0.8980392 0.5882353 0.23137255 0.21960784 0.23921569 0.44705883 0.64705884 0.8862745 0.57254905 0.0 0.0 0.0 0.0 0.0 0.0 0.0 0.0 0.0 0.0 0.0 
0.20784314 0.0 0.0 0.0 0.0 0.0 0.08627451 0.8980392 0.31764707 0.0 0.0 0.0 0.0 0.0 0.0 0.2509804 0.8862745 0.39607844 0.0 0.0 0.0 0.0 0.0 0.0 0.0 0.0 0.0 0.0 
0.20784314 0.0 0.0 0.0 0.0 0.0 0.5137255 0.76862746 0.0 0.0 0.0 0.0 0.0 0.0 0.0 0.0 0.8862745 0.5176471 0.0 0.0 0.0 0.0 0.0 0.0 0.0 0.0 0.0 0.0 
0.20784314 0.0 0.0 0.0 0.0 0.0 0.64705884 0.6313726 0.0 0.0 0.0 0.0 0.0 0.0 0.0 0.14901961 0.98039216 0.10980392 0.0 0.0 0.0 0.0 0.0 0.0 0.0 0.0 0.0 0.0 
0.20784314 0.0 0.0 0.0 0.0 0.0 0.6862745 0.57254905 0.0 0.0 0.0 0.0 0.0 0.0 0.0 0.5411765 1.0 0.10980392 0.0 0.0 0.0 0.0 0.0 0.0 0.0 0.0 0.0 0.0 
0.20784314 0.0 0.0 0.0 0.0 0.0 0.6784314 0.5764706 0.0 0.0 0.0 0.0 0.0 0.0 0.08627451 0.87058824 0.9254902 0.10980392 0.0 0.0 0.0 0.0 0.0 0.0 0.0 0.0 0.0 0.0 
0.20784314 0.0 0.0 0.0 0.0 0.0 0.54901963 0.81960785 0.0 0.0 0.0 0.0 0.0 0.0 0.6392157 0.7607843 0.84705883 0.10980392 0.0 0.0 0.0 0.0 0.0 0.0 0.0 0.0 0.0 0.0 
0.20784314 0.0 0.0 0.0 0.0 0.0 0.0 0.78039217 0.7647059 0.20784314 0.0 0.0 0.0 0.5254902 0.8862745 0.21960784 0.84705883 0.10980392 0.0 0.0 0.0 0.0 0.0 0.0 0.0 0.0 0.0 0.0 
0.20784314 0.0 0.0 0.0 0.0 0.0 0.0 0.050980393 0.6392157 0.8862745 0.8627451 0.8156863 0.84705883 0.84705883 0.3254902 0.0 0.84705883 0.10980392 0.0 0.0 0.0 0.0 0.0 0.0 0.0 0.0 0.0 0.0 
0.20784314 0.0 0.0 0.0 0.0 0.0 0.0 0.0 0.0 0.0 0.20784314 0.30980393 0.28627452 0.0 0.0 0.0 0.85882354 0.10980392 0.0 0.0 0.0 0.0 0.0 0.0 0.0 0.0 0.0 0.0 
0.20784314 0.0 0.0 0.0 0.0 0.0 0.0 0.0 0.0 0.0 0.0 0.0 0.0 0.0 0.0 0.0 0.8784314 0.0 0.0 0.0 0.0 0.0 0.0 0.0 0.0 0.0 0.0 0.0 
0.20784314 0.0 0.0 0.0 0.0 0.0 0.0 0.0 0.0 0.0 0.0 0.0 0.0 0.0 0.0 0.19607843 0.8627451 0.0 0.0 0.0 0.0 0.0 0.0 0.0 0.0 0.0 0.0 0.0 
0.20784314 0.0 0.0 0.0 0.0 0.14901961 0.3254902 0.0 0.0 0.0 0.0 0.0 0.0 0.0 0.0 0.60784316 0.7176471 0.0 0.0 0.0 0.0 0.0 0.0 0.0 0.0 0.0 0.0 0.0 
0.20784314 0.0 0.0 0.0 0.0 0.38431373 0.8352941 0.0 0.0 0.0 0.0 0.0 0.0 0.0 0.0 0.85882354 0.39607844 0.0 0.0 0.0 0.0 0.0 0.0 0.0 0.0 0.0 0.0 0.0 
0.20784314 0.0 0.0 0.0 0.0 0.08627451 0.8901961 0.14901961 0.0 0.0 0.0 0.0 0.0 0.0 0.5647059 0.80784315 0.0 0.0 0.0 0.0 0.0 0.0 0.0 0.0 0.0 0.0 0.0 0.0 
0.20784314 0.0 0.0 0.0 0.0 0.0 0.654902 0.81960785 0.25882354 0.0 0.0 0.0 0.23921569 0.62352943 0.8980392 0.30980393 0.0 0.0 0.0 0.0 0.0 0.0 0.0 0.0 0.0 0.0 0.0 0.0 
0.20784314 0.0 0.0 0.0 0.0 0.0 0.0 0.5803922 0.8862745 0.8352941 0.8352941 0.88235295 0.8627451 0.7372549 0.28627452 0.0 0.0 0.0 0.0 0.0 0.0 0.0 0.0 0.0 0.0 0.0 0.0 0.0 
0.20784314 0.0 0.0 0.0 0.0 0.0 0.0 0.0 0.050980393 0.2509804 0.27058825 0.050980393 0.0 0.0 0.0 0.0 0.0 0.0 0.0 0.0 0.0 0.0 0.0 0.0 0.0 0.0 0.0 0.0 
0.20784314 0.0 0.0 0.0 0.0 0.0 0.0 0.0 0.0 0.0 0.0 0.0 0.0 0.0 0.0 0.0 0.0 0.0 0.0 0.0 0.0 0.0 0.0 0.0 0.0 0.0 0.0 0.0 
0.20784314 0.0 0.0 0.0 0.0 0.0 0.0 0.0 0.0 0.0 0.0 0.0 0.0 0.0 0.0 0.0 0.0 0.0 0.0 0.0 0.0 0.0 0.0 0.0 0.0 0.0 0.0 0.0 
0.20784314 0.0 0.0 0.0 0.0 0.0 0.0 0.0 0.0 0.0 0.0 0.0 0.0 0.0 0.0 0.0 0.0 0.0 0.0 0.0 0.0 0.0 0.0 0.0 0.0 0.0 0.0 0.0 
0.20784314 0.0 0.0 0.0 0.0 0.0 0.0 0.0 0.0 0.0 0.0 0.0 0.0 0.0 0.0 0.0 0.0 0.0 0.0 0.0 0.0 0.0 0.0 0.0 0.0 0.0 0.0 0.0 
0.20784314 0.0 0.0 0.0 0.0 0.0 0.0 0.0 0.0 0.0 0.0 0.0 0.0 0.0 0.0 0.0 0.0 0.0 0.0 0.0 0.0 0.0 0.0 0.0 0.0 0.0 0.0 0.0 
-15.390382
-20.56026
-5.593114
-0.112639666
-9.665867
-3.0834432
-20.52013
-13.103321
-1.4963104
7.718725
prediction done
9
mouse pressed
mouse release
2019-12-14 00:29:18.691651: I tensorflow/cc/saved_model/reader.cc:31] Reading SavedModel from: ./src/model_100000_batches_with_size_50
2019-12-14 00:29:18.695217: I tensorflow/cc/saved_model/reader.cc:54] Reading meta graph with tags { serve }
2019-12-14 00:29:18.714696: I tensorflow/cc/saved_model/loader.cc:202] Restoring SavedModel bundle.
2019-12-14 00:29:18.764566: I tensorflow/cc/saved_model/loader.cc:311] SavedModel load for tags { serve }; Status: success. Took 72914 microseconds.
0.20784314 0.0 0.0 0.0 0.0 0.0 0.0 0.0 0.0 0.0 0.0 0.0 0.0 0.0 0.0 0.0 0.0 0.0 0.0 0.0 0.0 0.0 0.0 0.0 0.0 0.0 0.0 0.0 
0.20784314 0.0 0.0 0.0 0.0 0.0 0.0 0.0 0.0 0.0 0.0 0.0 0.0 0.0 0.0 0.0 0.0 0.0 0.0 0.0 0.0 0.0 0.0 0.0 0.0 0.0 0.0 0.0 
0.20784314 0.0 0.0 0.0 0.0 0.0 0.0 0.0 0.0 0.0 0.0 0.0 0.0 0.0 0.0 0.0 0.0 0.0 0.0 0.0 0.0 0.0 0.0 0.0 0.0 0.0 0.0 0.0 
0.20784314 0.0 0.0 0.0 0.0 0.0 0.0 0.0 0.0 0.0 0.3764706 0.5764706 0.5764706 0.5803922 0.36078432 0.0 0.0 0.0 0.0 0.0 0.0 0.0 0.0 0.0 0.0 0.0 0.0 0.0 
0.20784314 0.0 0.0 0.0 0.0 0.0 0.0 0.0 0.0 0.73333335 0.8745098 0.6862745 0.6745098 0.6862745 0.84313726 0.8666667 0.6117647 0.0 0.0 0.0 0.0 0.0 0.0 0.0 0.0 0.0 0.0 0.0 
0.20784314 0.0 0.0 0.0 0.0 0.0 0.0 0.0 0.7294118 0.7607843 0.10980392 0.0 0.0 0.0 0.0 0.3019608 0.77254903 0.81960785 0.28627452 0.0 0.0 0.0 0.0 0.0 0.0 0.0 0.0 0.0 
0.20784314 0.0 0.0 0.0 0.0 0.0 0.0 0.36078432 0.87058824 0.050980393 0.0 0.0 0.0 0.0 0.0 0.0 0.0 0.7019608 0.84705883 0.0 0.0 0.0 0.0 0.0 0.0 0.0 0.0 0.0 
0.20784314 0.0 0.0 0.0 0.0 0.0 0.0 0.7529412 0.57254905 0.0 0.0 0.0 0.0 0.0 0.0 0.0 0.0 0.27058825 0.90588236 0.0 0.0 0.0 0.0 0.0 0.0 0.0 0.0 0.0 
0.20784314 0.0 0.0 0.0 0.0 0.0 0.0 0.8862745 0.13333334 0.0 0.0 0.0 0.0 0.0 0.0 0.0 0.0 0.0 0.85490197 0.3647059 0.0 0.0 0.0 0.0 0.0 0.0 0.0 0.0 
0.20784314 0.0 0.0 0.0 0.0 0.0 0.0 0.8745098 0.0 0.0 0.0 0.0 0.0 0.0 0.0 0.0 0.0 0.0 0.7137255 0.5372549 0.0 0.0 0.0 0.0 0.0 0.0 0.0 0.0 
0.20784314 0.0 0.0 0.0 0.0 0.0 0.19607843 0.85490197 0.0 0.0 0.0 0.0 0.0 0.0 0.0 0.0 0.0 0.0 0.72156864 0.54509807 0.0 0.0 0.0 0.0 0.0 0.0 0.0 0.0 
0.20784314 0.0 0.0 0.0 0.0 0.0 0.30980393 0.8156863 0.0 0.0 0.0 0.0 0.0 0.0 0.0 0.0 0.0 0.0 0.77254903 0.4745098 0.0 0.0 0.0 0.0 0.0 0.0 0.0 0.0 
0.20784314 0.0 0.0 0.0 0.0 0.0 0.29411766 0.8156863 0.0 0.0 0.0 0.0 0.0 0.0 0.0 0.0 0.0 0.0 0.8862745 0.2509804 0.0 0.0 0.0 0.0 0.0 0.0 0.0 0.0 
0.20784314 0.0 0.0 0.0 0.0 0.0 0.2509804 0.85882354 0.0 0.0 0.0 0.0 0.0 0.0 0.0 0.0 0.0 0.3529412 0.8392157 0.0 0.0 0.0 0.0 0.0 0.0 0.0 0.0 0.0 
0.20784314 0.0 0.0 0.0 0.0 0.0 0.0 0.8784314 0.18039216 0.0 0.0 0.0 0.0 0.0 0.0 0.0 0.0 0.7137255 0.62352943 0.0 0.0 0.0 0.0 0.0 0.0 0.0 0.0 0.0 
0.20784314 0.0 0.0 0.0 0.0 0.0 0.0 0.7058824 0.6666667 0.0 0.0 0.0 0.0 0.0 0.0 0.0 0.2509804 0.89411765 0.16470589 0.0 0.0 0.0 0.0 0.0 0.0 0.0 0.0 0.0 
0.20784314 0.0 0.0 0.0 0.0 0.0 0.0 0.18039216 0.8745098 0.5686275 0.0 0.0 0.0 0.0 0.0 0.08627451 0.8156863 0.6 0.0 0.0 0.0 0.0 0.0 0.0 0.0 0.0 0.0 0.0 
0.20784314 0.0 0.0 0.0 0.0 0.0 0.0 0.0 0.23921569 0.8392157 0.78039217 0.3529412 0.0 0.0 0.33333334 0.8352941 0.69803923 0.0 0.0 0.0 0.0 0.0 0.0 0.0 0.0 0.0 0.0 0.0 
0.20784314 0.0 0.0 0.0 0.0 0.0 0.0 0.0 0.0 0.050980393 0.59607846 0.8392157 0.8901961 0.85882354 0.8784314 0.5647059 0.0 0.0 0.0 0.0 0.0 0.0 0.0 0.0 0.0 0.0 0.0 0.0 
0.20784314 0.0 0.0 0.0 0.0 0.0 0.0 0.0 0.0 0.0 0.0 0.0 0.0 0.0 0.0 0.0 0.0 0.0 0.0 0.0 0.0 0.0 0.0 0.0 0.0 0.0 0.0 0.0 
0.20784314 0.0 0.0 0.0 0.0 0.0 0.0 0.0 0.0 0.0 0.0 0.0 0.0 0.0 0.0 0.0 0.0 0.0 0.0 0.0 0.0 0.0 0.0 0.0 0.0 0.0 0.0 0.0 
0.20784314 0.0 0.0 0.0 0.0 0.0 0.0 0.0 0.0 0.0 0.0 0.0 0.0 0.0 0.0 0.0 0.0 0.0 0.0 0.0 0.0 0.0 0.0 0.0 0.0 0.0 0.0 0.0 
0.20784314 0.0 0.0 0.0 0.0 0.0 0.0 0.0 0.0 0.0 0.0 0.0 0.0 0.0 0.0 0.0 0.0 0.0 0.0 0.0 0.0 0.0 0.0 0.0 0.0 0.0 0.0 0.0 
0.20784314 0.0 0.0 0.0 0.0 0.0 0.0 0.0 0.0 0.0 0.0 0.0 0.0 0.0 0.0 0.0 0.0 0.0 0.0 0.0 0.0 0.0 0.0 0.0 0.0 0.0 0.0 0.0 
0.20784314 0.0 0.0 0.0 0.0 0.0 0.0 0.0 0.0 0.0 0.0 0.0 0.0 0.0 0.0 0.0 0.0 0.0 0.0 0.0 0.0 0.0 0.0 0.0 0.0 0.0 0.0 0.0 
0.20784314 0.0 0.0 0.0 0.0 0.0 0.0 0.0 0.0 0.0 0.0 0.0 0.0 0.0 0.0 0.0 0.0 0.0 0.0 0.0 0.0 0.0 0.0 0.0 0.0 0.0 0.0 0.0 
0.20784314 0.0 0.0 0.0 0.0 0.0 0.0 0.0 0.0 0.0 0.0 0.0 0.0 0.0 0.0 0.0 0.0 0.0 0.0 0.0 0.0 0.0 0.0 0.0 0.0 0.0 0.0 0.0 
0.20784314 0.0 0.0 0.0 0.0 0.0 0.0 0.0 0.0 0.0 0.0 0.0 0.0 0.0 0.0 0.0 0.0 0.0 0.0 0.0 0.0 0.0 0.0 0.0 0.0 0.0 0.0 0.0 
4.897862
-10.921132
-4.090395
-7.8147745
-5.0339475
-5.1732078
-10.98404
-3.3108246
-5.224918
0.88865703
prediction done
0
mouse pressed
mouse release

Process finished with exit code 0
